20
500
10
50 50 50 50 50 50 50 50 50 50
120
5
30 24 35 50 45
200
3
40 24 50
9
8
1 1 1 1 1 1 1 1
72
4
12 32 10 27
364
5
50 50 50 50 50
500
1
50
268
10
50 50 50 50 50 5 5 5 1 1
112
10
5 4 3 2 1 20 20 20 20 50
1
10
50 50 50 50 50 50 50 50 50 50
1
1
1
73
10
2 3 5 7 11 13 17 19 23 29
99
10
9 9 9 9 9 9 9 9 9 9
42
7
7 7 7 7 7 7 7
428
10
50 50 50 50 50 50 50 50 12 12
215
10
25 25 25 25 25 25 25 25 5 5
200
8
25 30 20 25 40 10 25 25
19
4
2 8 7 1
25
5
5 5 5 5 5
54
8
15 20 3 4 5 2 2 2
