38
8 8 4 7 8 14
3 4 5 9 9 9
1 1 1 1 1 1
999999 999999 999999 999999 999999 999999
1 1 1 999999 999999 999999
999999 999999 999999 1 1 1
2 3 4 8 6 4
2 2 2 200 200 200
2 3 4 300 999999 999999 
999999 999999 300 300 999999 999999
5 7 8 2 3 4
5 8 7 2 3 4
7 5 8 2 3 4
7 8 5 2 3 4
8 5 7 2 3 4
8 7 5 2 3 4
2 3 4 5 7 8
2 3 4 5 8 7
2 3 4 7 5 8
2 3 4 7 8 5
2 3 4 8 5 7
2 3 4 8 7 5
40 18 44 3 4 5
999997 3 999999 9 3 7 
999996 4 999999 7 8 9
999995 5 999999 7 8 9
999994 6 999999 7 8 9
999993 7 999999 7 8 9
999900 100 999999 7 8 9
999000 1000 999999 7 8 9
990000 10000 999999 7 8 9
900000 100000 999999 7 8 9
29 29 1 29 29 57
500 500 999 5 6 7
999 999 500 2 3 4
29 29 1 20 20 20
1000 1000 64 4 5 6
1000 1000 63 4 5 6