42
1
2
1
3
1
4
1
5
1
6
1
7
1
8
1
9
1
10
50
2
3
4
5
6
7
8
9
10
10
9
8
7
6
5
4
3
2
2
4
6
8
10
9
7
5
3
2
3
4
3
2
7
7
7
7
7
7
8
9
10
10
2
2
2
10
2
2
5
3
2
3
4
2
3
5
2
4
5
2
5
5
2
5
6
2
6
6
2
6
7
2
6
8
2
6
9
2
6
10
20
2
2
2
2
2
2
2
2
2
2
2
2
2
2
2
2
2
2
2
2
10
3
3
3
3
3
3
3
3
3
3
10
4
4
4
4
4
4
4
4
4
4
10
5
5
5
5
5
5
5
5
5
5
10
6
6
6
6
6
6
6
6
6
6
10
7
7
7
7
7
7
7
7
7
7
3
8
9
10
3
2
5
2
3
2
5
3
3
2
5
4
3
2
5
5
3
2
5
6
3
2
5
7
3
2
5
8
3
2
5
9
3
2
5
10
50
10
10
10
10
10
10
10
10
10
10
9
9
9
9
9
9
9
9
9
9
8
8
8
8
8
8
8
8
8
8
7
7
7
7
7
7
7
7
7
7
8
9
8
9
8
9
8
9
8
9
3
2
2
2
2
2
2
2
3
2
2
4
2
2
3
3




