485
18 13.00 
17 11.01 
16 14.02 
19 12.03 
17 12.09 
18 2.11 
20 19.15 
19 8.18 
15 14.19 
15 6.22 
16 10.25 
18 2.26 
13 9.29 
5 3.34 
13 4.35 
15 13.36 
18 13.37 
15 7.38 
6 2.42 
18 4.43 
20 19.45 
17 5.46 
18 11.50 
20 14.51 
14 11.52 
5 4.55 
18 17.56 
17 16.59 
17 12.61 
18 17.63 
19 1.65 
19 9.67 
16 14.68 
19 18.70 
20 19.72 
20 3.75 
19 8.76 
18 6.77 
19 3.78 
20 19.84 
19 15.92 
18 12.93 
20 14.94 
8 0.95 
8 6.97 
1 0.03 
1 0.06 
1 0.09 
1 0.12 
1 0.15 
1 0.18 
1 0.21 
1 0.24 
1 0.25 
1 0.29 
1 0.30 
1 0.31 
1 0.35 
1 0.36 
1 0.37 
1 0.41 
1 0.42 
1 0.43 
1 0.47 
1 0.48 
1 0.49 
1 0.50 
1 0.57 
1 0.58 
1 0.59 
1 0.60 
1 0.61 
1 0.62 
1 0.69 
1 0.70 
1 0.71 
1 0.72 
1 0.73 
1 0.74 
1 0.75 
1 0.82 
1 0.83 
1 0.84 
1 0.85 
1 0.86 
1 0.87 
1 0.94 
1 0.95 
1 0.96 
1 0.97 
1 0.98 
1 0.99 
1 1.00 
20 6.00 
20 6.01 
20 6.02 
20 6.05 
20 6.06 
20 6.09 
20 6.10 
20 6.13 
20 6.14 
20 6.17 
20 6.18 
20 6.21 
20 6.22 
20 6.25 
20 6.26 
20 6.27 
20 6.30 
20 6.31 
20 6.34 
20 6.35 
20 6.38 
20 6.39 
20 6.42 
20 6.43 
20 6.46 
20 6.47 
20 6.50 
20 6.51 
20 6.52 
20 6.55 
20 6.56 
20 6.59 
20 6.60 
20 6.63 
20 6.64 
20 6.67 
20 6.68 
20 6.71 
20 6.72 
20 6.75 
20 6.76 
20 6.77 
20 6.80 
20 6.81 
20 6.84 
20 6.85 
20 6.88 
20 6.89 
20 6.92 
20 6.93 
20 6.96 
20 6.97 
20 7.00 
20 12.00 
20 12.01 
20 12.02 
20 12.03 
20 12.04 
20 12.09 
20 12.10 
20 12.11 
20 12.12 
20 12.17 
20 12.18 
20 12.19 
20 12.20 
20 12.25 
20 12.26 
20 12.27 
20 12.28 
20 12.29 
20 12.34 
20 12.35 
20 12.36 
20 12.37 
20 12.42 
20 12.43 
20 12.44 
20 12.45 
20 12.50 
20 12.51 
20 12.52 
20 12.53 
20 12.54 
20 12.59 
20 12.60 
20 12.61 
20 12.62 
20 12.67 
20 12.68 
20 12.69 
20 12.70 
20 12.75 
20 12.76 
20 12.77 
20 12.78 
20 12.79 
20 12.84 
20 12.85 
20 12.86 
20 12.87 
20 12.92 
20 12.93 
20 12.94 
20 12.95 
20 13.00 
20 19.00 
20 19.02 
20 19.04 
20 19.06 
20 19.08 
20 19.09 
20 19.11 
20 19.13 
20 19.15 
20 19.18 
20 19.20 
20 19.22 
20 19.24 
20 19.25 
20 19.27 
20 19.29 
20 19.31 
20 19.33 
20 19.34 
20 19.36 
20 19.38 
20 19.40 
20 19.43 
20 19.45 
20 19.47 
20 19.49 
20 19.50 
20 19.52 
20 19.54 
20 19.56 
20 19.58 
20 19.59 
20 19.61 
20 19.63 
20 19.65 
20 19.68 
20 19.70 
20 19.72 
20 19.74 
20 19.75 
20 19.77 
20 19.79 
20 19.81 
20 19.83 
20 19.84 
20 19.86 
20 19.88 
20 19.90 
20 19.93 
20 19.95 
20 19.97 
20 19.99 
20 20.00 
11 8.92 
18 13.62 
15 13.02 
11 1.66 
10 7.68 
10 5.42 
17 2.03 
11 4.22 
20 19.09 
6 0.43 
19 17.97 
16 1.13 
17 5.38 
3 2.67 
20 17.70 
19 13.09 
17 13.53 
3 1.20 
16 0.21 
15 8.10 
15 5.64 
19 15.20 
10 7.35 
19 18.24 
17 13.09 
13 1.96 
20 3.21 
8 0.24 
13 3.98 
12 5.39 
20 6.47 
20 13.59 
18 10.19 
20 12.75 
14 3.82 
17 0.12 
19 6.21 
18 12.61 
15 7.13 
18 8.29 
19 7.55 
8 0.98 
4 0.47 
19 17.75 
20 16.02 
11 5.50 
12 8.94 
13 1.38 
18 14.00 
18 9.59 
19 17.54 
20 19.70 
16 2.98 
19 16.06 
19 18.13 
19 2.50 
18 11.62 
17 12.75 
4 0.85 
20 19.13 
20 17.24 
18 9.04 
14 8.19 
6 4.81 
20 18.00 
19 17.56 
15 0.09 
20 18.06 
15 12.34 
19 4.64 
10 7.67 
20 7.14 
14 6.01 
11 2.17 
20 16.02 
16 1.17 
15 5.21 
18 17.25 
19 13.35 
16 13.42 
13 3.15 
19 15.35 
20 15.79 
10 7.52 
2 0.36 
18 15.79 
19 11.28 
17 16.11 
20 19.54 
20 19.36 
20 11.45 
20 18.13 
16 12.01 
20 12.02 
15 4.56 
15 13.94 
10 5.21 
14 12.52 
20 19.52 
14 11.35 
18 12.75 
14 11.36 
17 16.61 
12 8.27 
8 0.35 
14 7.93 
14 7.22 
20 18.72 
19 9.50 
18 17.95 
15 7.88 
18 6.67 
18 16.43 
18 17.90 
20 19.56 
20 11.11 
16 5.06 
8 6.68 
17 3.50 
16 7.96 
9 5.26 
18 14.59 
12 1.13 
19 10.75 
19 0.60 
19 10.29 
18 6.55 
12 6.85 
19 18.93 
20 11.76 
8 1.63 
11 8.62 
11 8.62 
20 3.26 
20 9.42 
13 8.70 
20 8.86 
13 7.47 
11 8.84 
16 11.51 
18 3.03 
17 7.26 
20 11.77 
14 6.46 
17 3.48 
9 2.78 
20 16.20 
19 14.79 
16 15.25 
14 7.14 
9 6.00 
13 10.61 
7 5.01 
6 4.39 
5 3.05 
17 15.70 
19 0.82 
18 12.69 
19 9.52 
20 2.32 
19 18.70 
17 6.72 
20 16.83 
15 12.79 
16 15.27 
20 12.19 
19 17.84 
19 18.38 
16 11.35 
16 11.00 
16 10.68 
20 13.12 
20 19.20 
11 5.09 
2 1.97 
18 1.97 
13 3.80 
8 3.05 
10 7.17 
14 1.20 
8 0.85 
20 19.47 
17 8.45 
20 10.92 
11 10.70 
20 16.02 
9 6.56 
20 19.43 
9 4.92 
15 14.50 
15 14.00 
17 7.18 
15 5.13 
12 5.92 
16 15.36 
16 5.56 
19 14.10 
2 1.39 
20 7.46 
20 16.11 
17 15.04 
19 17.74 
19 12.94 
19 15.03 
15 11.10 
6 4.63 
16 5.00 
12 1.42 
18 11.53 
19 14.61 
18 16.84 
9 7.89 
9 8.69 
20 7.17 
4 3.26 
18 11.35 
12 6.30 
13 7.84 
13 7.76 
15 11.09 
14 6.71 
7 1.75 
19 17.43 
19 7.22 
16 4.60 
7 4.67 
11 1.97 
20 17.79 
18 16.36 
18 6.30 
18 12.01 
10 9.42 
18 17.47 
