200
-75
15
11
69
-66
94
30
-58
-98
12
-26
71
8
-53
-32
-78
-51
-24
-34
41
98
81
100
92
-52
49
29
-100
23
-23
68
-97
-6
-41
-15
24
72
56
-99
-20
-94
51
59
21
-91
58
95
-48
42
-92
76
-89
-56
53
47
5
-19
43
-14
9
-69
-74
64
-3
-13
14
-44
44
-33
-45
-85
73
-68
-60
52
-88
84
83
-47
78
70
17
36
-73
-30
-70
-28
-5
96
-96
-8
-27
79
63
99
62
-18
-57
-7
-83
19
-43
-82
-17
39
-12
65
-93
-54
2
55
-38
-80
74
60
-71
-29
-76
37
50
35
-2
89
-25
-35
-1
22
-67
-49
26
-87
-63
27
75
7
1
20
90
48
34
38
32
93
-90
-36
-84
88
6
18
25
-9
-4
-81
61
-11
85
-50
33
-31
10
-61
-46
-64
80
31
57
97
54
77
16
67
-95
86
-59
-55
-86
87
-10
-62
-72
28
-42
-77
-39
3
45
-79
91
-40
46
13
4
-22
40
-65
-21
-37
-16
82
66
