14
50
11 32 34 70 80 82 86 135 164 174 174 179 180 190 213 281 289 319 330 345 370 371 375 376 377 378 386 427 429 533 534 543 577 586 593 596 604 646 684 783 787 797 799 804 807 900 916 925 926 1000
13 54 78 101 143 171 198 204 209 216 222 228 232 240 256 271 293 309 320 326 328 413 429 430 436 496 507 518 523 546 589 593 619 661 668 688 787 817 825 825 826 828 831 854 889 902 933 975 991 999
50
19 32 82 109 116 120 127 127 191 192 215 223 224 266 271 288 294 303 304 319 360 430 435 442 450 531 544 553 561 582 604 628 654 662 679 698 746 769 785 792 811 815 859 885 889 894 914 935 993 998
18 32 56 88 95 121 136 139 160 164 194 201 205 206 208 213 244 249 250 340 394 402 406 461 473 491 496 524 539 600 670 702 710 721 778 805 809 811 821 830 835 836 852 891 894 913 919 933 984 990
50
51 81 126 158 169 171 182 186 194 196 239 244 254 270 271 311 311 320 350 383 392 453 464 480 490 492 517 566 567 569 573 640 679 683 698 719 752 756 763 772 779 854 865 888 914 919 926 927 948 950
14 20 36 50 90 104 112 113 136 183 202 227 232 247 256 271 328 354 411 412 418 434 440 440 443 470 510 539 624 636 645 648 653 654 674 683 688 706 713 718 727 742 746 775 792 793 851 943 966 976
50
4 12 15 46 46 89 103 131 144 160 165 216 229 242 247 290 315 320 344 352 357 408 439 457 476 486 501 537 537 602 735 736 751 753 754 814 823 834 837 838 862 880 911 911 922 932 968 974 977 984
23 34 34 52 67 81 83 84 127 153 165 191 200 214 305 343 353 407 433 437 441 467 479 491 585 600 608 644 650 655 661 694 701 715 730 738 768 782 806 829 830 854 880 882 913 913 934 939 941 959
50
28 66 68 86 88 109 160 164 164 180 199 206 259 268 293 328 331 333 337 355 367 368 372 392 394 474 485 501 515 537 541 564 564 583 601 620 673 684 783 838 841 862 877 896 897 922 944 966 971 984
3 39 73 97 118 131 149 150 173 177 269 316 349 359 363 384 393 398 399 415 430 433 488 504 580 596 597 617 649 650 653 669 695 755 760 779 803 827 855 877 902 921 926 941 957 958 960 983 984 998
50
4 15 33 42 81 111 117 149 153 158 184 188 208 227 243 245 253 283 290 308 323 326 328 349 375 379 397 398 404 423 426 440 442 497 523 528 546 675 732 736 767 789 797 809 814 873 916 933 943 972
17 19 28 48 52 113 122 150 177 183 222 277 278 279 331 358 381 388 410 411 475 477 529 555 567 572 594 634 634 645 646 649 667 679 681 689 716 724 735 758 828 848 864 875 880 907 953 962 994 997
50
1 40 54 82 89 130 162 192 204 218 225 232 233 234 241 243 276 284 299 336 338 366 371 389 400 408 413 426 433 474 477 506 533 615 618 633 658 729 736 798 800 805 844 857 888 912 962 962 966 974
11 47 118 126 147 166 180 184 186 205 211 215 253 259 281 290 302 315 322 373 399 403 405 436 476 486 510 526 552 567 569 631 647 667 758 815 830 842 876 891 902 910 913 935 942 945 979 993 995 1000
50
15 22 54 55 72 84 107 110 141 168 173 195 210 228 286 298 303 335 353 365 392 405 438 449 467 472 478 499 521 530 603 644 674 679 682 703 708 718 748 753 757 758 766 861 872 887 928 933 935 983
25 71 86 90 107 118 118 170 172 232 238 249 266 270 271 291 358 375 382 387 402 491 507 518 549 553 561 591 603 605 665 714 716 722 723 729 764 778 800 808 818 822 830 845 868 920 947 951 953 973
50
9 93 96 103 149 156 162 167 169 169 173 191 203 208 235 255 291 323 334 363 385 394 469 481 485 487 504 509 509 529 541 674 678 701 719 735 738 740 750 760 775 777 806 849 859 870 894 932 946 959
65 76 79 85 103 118 126 186 188 199 201 206 219 221 249 254 276 326 358 360 392 400 433 436 481 484 552 597 620 621 642 687 697 724 729 737 740 757 772 788 795 800 809 820 867 905 930 936 971 979
50
53 73 96 105 160 169 170 174 192 202 254 282 316 336 339 342 352 355 356 361 369 375 390 400 414 425 431 441 445 449 486 526 529 566 603 659 693 714 722 751 768 786 789 807 808 811 940 963 976 987
1 38 76 81 87 96 129 135 137 151 160 195 219 265 286 303 305 317 329 407 437 446 456 460 464 483 497 506 522 545 552 570 613 630 631 643 647 703 709 759 763 792 801 808 845 852 930 935 949 959
50
5 5 5 5 5 5 5 5 5 5 5 5 5 5 5 5 5 5 5 5 5 5 5 5 5 5 5 5 5 5 5 5 5 5 5 5 5 5 5 5 5 5 5 5 5 5 5 5 5 5
5 5 5 5 5 5 5 5 5 5 5 5 5 5 5 5 5 5 5 5 5 5 5 5 5 5 5 5 5 5 5 5 5 5 5 5 5 5 5 5 5 5 5 5 5 5 5 5 5 5
1
1
2
1
1
1
10
1 4 5 8 9 12 13 16 17 20
2 3 6 7 10 11 14 15 18 19
