104
1.00 2.00 0.50
100.00 50.00 75.00
5.12 5.12 40.96
100.00 100.00 0.01
35.74 62.93 44.77
60.93 7.45 68.90
95.88 49.02 91.37
48.07 3.90 43.64
75.42 39.97 74.51
66.78 84.83 7.44
25.38 74.98 43.28
51.46 1.17 70.62
74.91 62.23 35.04
30.91 22.07 92.31
52.44 60.91 34.09
60.78 64.35 91.81
73.57 94.36 74.37
83.02 38.25 25.74
38.68 86.87 30.02
72.37 48.39 32.34
14.69 18.02 51.80
12.84 95.99 47.53
87.63 63.89 64.75
60.03 87.53 57.70
11.99 82.96 43.18
25.75 50.47 37.24
18.34 93.95 32.14
79.37 76.67 28.12
16.85 47.11 76.55
47.06 86.70 60.84
13.06 63.29 69.96
19.75 22.85 97.34
45.93 64.07 28.02
44.79 81.97 27.28
65.54 63.16 18.41
8.97 74.00 81.60
55.45 26.05 83.09
80.20 65.61 38.57
35.93 53.31 66.00
95.71 79.98 98.06
30.47 64.41 75.02
65.37 30.37 97.49
46.95 85.05 40.15
47.18 70.49 63.00
90.04 87.36 81.17
93.81 56.80 49.46
88.93 18.89 26.49
41.85 75.09 59.14
17.57 99.16 12.19
59.83 81.68 93.15
24.57 37.36 42.05
0.28 90.01 18.97
34.58 55.47 98.74
18.04 46.79 12.47
34.02 64.34 65.84
25.77 10.07 88.56
67.73 49.84 69.24
46.34 87.85 90.26
88.55 4.53 40.66
56.22 73.03 78.06
69.98 11.75 56.29
17.47 44.10 83.01
53.29 10.03 84.65
40.61 70.22 12.69
88.76 51.41 12.28
12.22 89.03 26.11
31.30 47.50 78.91
37.96 37.83 74.65
60.24 66.59 9.24
20.96 91.67 55.97
33.18 7.17 26.97
22.44 6.18 30.39
28.77 58.82 35.92
60.75 11.22 99.90
2.50 6.43 28.86
43.44 77.50 34.08
15.18 8.41 87.26
31.26 84.01 97.21
49.69 88.36 96.12
19.21 55.40 7.69
82.23 72.62 66.42
84.05 59.68 49.28
80.99 57.90 79.11
54.14 5.08 73.57
33.71 91.68 94.98
22.19 29.85 49.41
33.88 65.29 3.73
51.51 17.57 35.55
40.51 52.73 13.22
29.61 82.92 91.43
84.12 49.52 18.78
81.09 8.29 69.19
86.58 43.36 84.88
48.86 97.94 66.84
37.73 6.51 55.48
14.96 69.30 27.44
50.09 47.53 23.97
86.29 35.45 81.11
38.80 43.94 15.74
19.97 50.24 6.77
10.60 85.85 29.90
80.06 24.26 39.64
72.81 30.01 68.38
47.37 85.38 30.75
