10
1
1 1
100
1 1
2 2
3 3
4 4
5 5
6 6
7 7
8 8
9 9
10 10
11 11
12 12
13 13
14 14
15 15
16 16
17 17
18 18
19 19
20 20
21 21
22 22
23 23
24 24
25 25
26 26
27 27
28 28
29 29
30 30
31 31
32 32
33 33
34 34
35 35
36 36
37 37
38 38
39 39
40 40
41 41
42 42
43 43
44 44
45 45
46 46
47 47
48 48
49 49
50 50
51 51
52 52
53 53
54 54
55 55
56 56
57 57
58 58
59 59
60 60
61 61
62 62
63 63
64 64
65 65
66 66
67 67
68 68
69 69
70 70
71 71
72 72
73 73
74 74
75 75
76 76
77 77
78 78
79 79
80 80
81 81
82 82
83 83
84 84
85 85
86 86
87 87
88 88
89 89
90 90
91 91
92 92
93 93
94 94
95 95
96 96
97 97
98 98
99 99
100 100
100
-1000 1
-1000 2
-1000 3
-1000 4
-1000 5
-1000 6
-1000 7
-1000 8
-1000 9
-1000 10
-1000 11
-1000 12
-1000 13
-1000 14
-1000 15
-1000 16
-1000 17
-1000 18
-1000 19
-1000 20
-1000 21
-1000 22
-1000 23
-1000 24
-1000 25
-1000 26
-1000 27
-1000 28
-1000 29
-1000 30
-1000 31
-1000 32
-1000 33
-1000 34
-1000 35
-1000 36
-1000 37
-1000 38
-1000 39
-1000 40
-1000 41
-1000 42
-1000 43
-1000 44
-1000 45
-1000 46
-1000 47
-1000 48
-1000 49
-1000 50
-1000 51
-1000 52
-1000 53
-1000 54
-1000 55
-1000 56
-1000 57
-1000 58
-1000 59
-1000 60
-1000 61
-1000 62
-1000 63
-1000 64
-1000 65
-1000 66
-1000 67
-1000 68
-1000 69
-1000 70
-1000 71
-1000 72
-1000 73
-1000 74
-1000 75
-1000 76
-1000 77
-1000 78
-1000 79
-1000 80
-1000 81
-1000 82
-1000 83
-1000 84
-1000 85
-1000 86
-1000 87
-1000 88
-1000 89
-1000 90
-1000 91
-1000 92
-1000 93
-1000 94
-1000 95
-1000 96
-1000 97
-1000 98
-1000 99
-1000 100
2
1 1
-1 -1
100
-1 -1
-2 -2
-3 -3
-4 -4
-5 -5
-6 -6
-7 -7
-8 -8
-9 -9
-10 -10
-11 -11
-12 -12
-13 -13
-14 -14
-15 -15
-16 -16
-17 -17
-18 -18
-19 -19
-20 -20
-21 -21
-22 -22
-23 -23
-24 -24
-25 -25
-26 -26
-27 -27
-28 -28
-29 -29
-30 -30
-31 -31
-32 -32
-33 -33
-34 -34
-35 -35
-36 -36
-37 -37
-38 -38
-39 -39
-40 -40
-41 -41
-42 -42
-43 -43
-44 -44
-45 -45
-46 -46
-47 -47
-48 -48
-49 -49
-50 -50
-51 -51
-52 -52
-53 -53
-54 -54
-55 -55
-56 -56
-57 -57
-58 -58
-59 -59
-60 -60
-61 -61
-62 -62
-63 -63
-64 -64
-65 -65
-66 -66
-67 -67
-68 -68
-69 -69
-70 -70
-71 -71
-72 -72
-73 -73
-74 -74
-75 -75
-76 -76
-77 -77
-78 -78
-79 -79
-80 -80
-81 -81
-82 -82
-83 -83
-84 -84
-85 -85
-86 -86
-87 -87
-88 -88
-89 -89
-90 -90
-91 -91
-92 -92
-93 -93
-94 -94
-95 -95
-96 -96
-97 -97
-98 -98
-99 -99
-100 -100
4
1 1
2 2
1 0
5 0
3
1 1
-3 -3
8 -4
4
-1 1
-7 7
-49 49
-343 343
4
-5 0
5 0
0 -5
0 5
99
-5 -5
-5 -4
-5 -3
-5 -2
-5 -1
-5 0
-5 1
-5 2
-5 3
-5 4
-5 5
-4 -5
-4 -4
-4 -3
-4 -2
-4 -1
-4 0
-4 1
-4 2
-4 3
-4 4
-4 5
-3 -5
-3 -4
-3 -3
-3 -2
-3 -1
-3 0
-3 1
-3 2
-3 3
-3 4
-3 5
-2 -5
-2 -4
-2 -3
-2 -2
-2 -1
-2 0
-2 1
-2 2
-2 3
-2 4
-2 5
-1 -5
-1 -4
-1 -3
-1 -2
-1 -1
-1 0
-1 1
-1 2
-1 3
-1 4
-1 5
0 -5
0 -4
0 -3
0 -2
0 -1
0 1
0 2
0 3
0 4
0 5
1 -5
1 -4
1 -3
1 -2
1 -1
1 0
1 1
1 2
1 3
1 4
1 5
2 -5
2 -4
2 -3
2 -2
2 -1
2 0
2 1
2 2
2 3
2 4
2 5
3 -5
3 -4
3 -3
3 -2
3 -1
3 0
3 1
3 2
3 3
3 4
3 5
4 -5
