998
355 1629
587 31
97 6693
317 1285
877 712
508 819
795 866
642 1513
921 516
865 1044
662 810
83 5611
265 636
169 484
79 7305
835 1004
400 67
991 390
249 2865
950 628
42 17100
615 557
849 1080
814 422
741 408
793 1164
624 482
35 22870
729 613
305 2099
541 351
944 216
63 13827
375 2285
795 243
868 257
937 110
62 6149
234 2015
109 1464
938 49
340 1352
382 1710
163 4722
134 2720
245 1796
331 2272
872 1130
175 5536
550 1467
761 529
650 921
333 1341
680 482
750 1203
668 167
4 213418
878 921
813 766
25 12987
773 333
819 814
869 280
183 97
146 2032
923 354
870 583
20 15610
992 180
641 50
955 392
483 1217
878 127
260 2714
135 46
527 1652
932 777
807 114
278 986
344 1543
469 1765
431 283
398 1946
484 1735
609 908
831 125
621 875
520 30
466 1500
837 350
531 1737
49 5280
638 370
611 694
189 1435
817 171
100 4057
25 35165
956 474
530 619
360 2737
7 2951
959 345
316 2595
487 878
293 1430
186 909
545 803
286 2364
369 1118
288 3401
950 390
690 650
42 14988
238 1038
848 814
747 872
138 2732
695 254
758 764
820 1005
274 644
603 1164
660 627
503 695
482 85
13 890
380 1865
588 29
24 25662
140 193
50 17175
885 303
159 2194
573 877
364 2315
602 501
115 3170
869 319
825 344
624 389
206 481
308 1986
991 239
447 1458
696 352
187 4827
281 3317
664 875
761 35
813 522
604 233
463 2110
863 727
689 1214
8 68646
703 548
681 1010
48 11614
370 2569
174 4137
239 1523
121 7179
531 691
785 906
555 1172
915 624
742 237
986 737
672 1176
730 836
888 426
856 125
172 2189
317 2933
969 633
420 1254
465 456
124 4636
47 18368
759 351
436 505
347 2400
584 85
85 11495
382 1400
644 1304
82 4887
315 835
436 307
713 1344
241 3650
80 6514
252 2986
270 1096
685 488
45 893
896 64
310 1526
657 864
221 2552
189 330
943 334
926 562
86 3107
171 4000
584 346
802 1066
711 1363
782 960
974 738
994 498
375 1072
262 2378
983 633
364 2223
262 3505
482 176
311 1748
787 1173
972 697
387 2350
691 1251
528 353
37 14815
363 372
245 3689
428 529
932 311
10 49005
614 812
937 341
871 267
254 1367
810 1071
622 679
164 401
347 1256
501 758
634 473
59 3520
920 926
226 4156
36 26798
422 2066
87 6414
128 217
903 542
284 1149
100 4994
999 453
355 1130
784 235
842 653
514 97
389 244
212 368
606 1485
718 1022
817 601
165 1671
797 235
532 1339
395 991
806 36
681 1193
551 227
710 467
913 402
382 779
313 1449
781 697
440 1350
127 5736
849 676
338 1783
147 6133
329 1604
126 3410
669 1005
40 13429
370 13
185 800
496 2010
37 5032
316 2873
672 303
343 916
39 1492
493 1799
209 602
423 1856
216 1452
855 108
793 435
747 417
611 26
334 2678
38 13856
167 5016
828 332
57 11752
630 478
68 1051
193 4795
831 564
700 540
422 1633
909 667
742 290
81 8229
373 1560
675 651
669 3
98 1007
49 8897
258 2079
859 699
846 1116
957 791
67 2085
6 48688
728 1208
397 960
781 980
820 825
488 495
257 460
598 893
440 1911
530 1360
118 1940
13 53018
387 1298
740 81
810 109
267 921
760 407
650 83
594 1602
926 122
860 402
10 58245
604 236
526 687
619 1517
53 17170
529 1759
278 368
384 1814
973 771
732 435
11 68886
1 373638
192 1774
113 7155
841 714
401 1550
38 18563
670 115
604 37
497 1842
127 7428
459 1960
101 82
374 501
429 1221
516 634
409 913
834 272
661 357
664 623
736 257
865 59
652 298
546 392
661 385
346 2639
229 1902
785 626
534 144
473 1534
927 471
74 11434
737 556
372 1812
772 481
311 1235
373 1810
392 940
71 9513
577 1189
497 1090
301 226
458 412
185 3826
657 1010
190 2547
196 3305
529 595
251 3863
908 321
650 383
275 2823
219 4523
948 747
348 212
980 830
189 1275
529 5
679 167
879 765
11 72595
239 1820
392 1096
764 527
61 12005
61 12518
558 498
979 212
819 1003
686 503
361 1254
457 1855
563 713
534 27
71 179
366 34
9 35459
742 1023
357 774
817 21
364 1514
959 489
999 726
456 1809
140 4384
488 1112
787 382
173 491
675 1046
142 5207
567 1699
277 325
447 1146
995 274
733 507
710 728
365 972
532 1090
743 564
842 893
354 1209
648 318
368 939
627 265
205 4325
128 514
502 630
952 175
155 2400
137 5413
776 166
344 2077
907 684
965 748
164 5611
660 1335
964 448
271 2524
343 3
754 300
864 212
237 754
25 30273
964 601
139 490
870 34
562 1175
392 528
348 165
296 2293
662 598
387 1801
950 819
48 1330
591 481
300 33
712 682
907 651
206 492
986 44
504 1032
931 437
612 1066
572 330
739 247
609 837
357 791
583 272
246 2920
370 2017
177 2724
406 1518
343 1
699 964
73 7001
473 232
341 2127
504 348
746 446
491 376
231 3519
183 3307
485 1742
375 1359
419 1868
166 5771
100 107
250 2787
385 2427
199 692
471 1429
923 1068
149 1807
569 1464
497 361
728 1113
457 851
838 85
472 532
317 394
587 1199
123 6775
933 626
538 1363
929 981
419 186
345 680
726 1138
530 786
90 5638
641 76
728 307
121 5221
344 2688
293 111
807 1160
775 783
277 1685
518 1207
969 577
828 923
117 224
481 1304
431 690
363 215
866 713
799 327
787 407
450 2094
846 799
986 11
166 1292
617 574
656 1148
599 1136
463 627
204 4644
52 18184
685 893
406 1332
338 167
872 193
256 3841
637 290
188 3549
539 744
469 1982
417 585
135 4192
386 2297
608 886
30 18855
720 1180
143 2800
617 1359
973 424
894 81
123 6910
39 1
325 1373
875 848
429 1543
803 340
293 1388
579 829
714 439
266 528
91 6162
309 2196
887 136
686 486
278 1274
612 1563
606 1279
691 855
676 482
392 1956
646 929
808 184
466 562
330 1124
689 576
729 868
181 3386
292 2062
869 681
654 1191
403 508
536 733
748 216
929 855
311 2279
560 965
385 276
152 4824
421 1363
968 697
564 236
79 9105
858 272
567 478
17 20306
701 1325
624 749
872 36
732 274
135 3014
176 42
198 4405
311 3198
697 595
465 1805
339 2750
281 2352
860 784
305 2313
957 637
891 928
777 620
715 1351
974 761
252 899
216 355
91 204
278 1198
940 121
878 31
558 562
631 1208
581 53
730 1340
748 728
277 3388
51 16882
165 2156
118 8044
142 5883
668 292
317 3150
437 1378
612 498
616 754
46 2323
283 1929
440 1532
246 1603
300 1183
605 1300
112 123
944 131
44 17846
769 600
972 77
879 162
475 580
223 3567
719 1204
474 714
197 1551
120 3416
147 6215
396 2285
282 2712
321 3036
830 108
693 619
763 1028
703 637
903 284
801 341
492 415
799 71
938 1055
940 794
913 241
981 602
919 681
980 969
701 1221
234 1234
12 58240
927 214
988 870
61 5631
819 795
942 641
519 782
697 4
466 1992
217 3624
498 63
451 951
929 886
691 508
372 1556
48 20141
427 2071
916 998
162 2811
668 894
773 607
519 1660
952 208
645 562
768 558
683 784
807 393
266 2609
537 329
395 1041
716 694
769 966
666 28
732 112
854 1133
673 1422
547 1191
839 595
297 1149
988 266
958 247
428 1448
791 629
284 1584
440 1801
346 635
178 5049
335 2793
607 678
39 2799
415 2087
451 1615
471 121
210 4471
238 3456
351 1604
994 105
219 1547
669 1181
119 4796
907 1054
657 275
805 1144
67 7151
688 927
366 2591
529 766
356 2419
38 14497
20 13328
988 161
185 121
858 533
131 4006
574 87
499 675
696 289
674 1389
414 665
802 743
738 359
368 1981
512 40
302 1025
881 862
493 100
850 105
73 7171
204 2379
408 1324
940 685
267 352
923 28
10 70958
298 1500
190 730
608 1284
798 274
638 923
34 2587
601 458
71 4125
633 801
524 600
361 2656
455 155
434 2263
480 365
566 380
370 1465
260 2379
836 876
600 1024
917 3
875 1103
709 1150
905 856
889 711
29 9753
615 1466
987 646
962 488
370 724
731 1090
55 2096
853 1089
3 256682
499 1659
758 542
427 2231
105 8554
80 4378
89 8428
466 563
81 4
132 4301
936 194
845 113
798 578
799 441
653 619
745 1041
568 764
762 530
312 1856
389 2208
331 627
266 3653
167 2011
290 854
945 895
610 283
643 83
710 343
143 2472
32 31087
437 964
428 1014
551 1296
433 1516
88 2870
127 1283
386 2156
567 1459
709 153
368 1445
333 166
698 232
605 1200
259 2815
772 439
771 1293
656 878
708 147
945 215
574 1524
142 5685
533 1202
247 2489
213 1951
601 689
948 826
444 420
486 235
238 568
960 964
902 28
200 837
780 903
563 1572
303 200
501 1032
544 428
108 1283
121 6189
221 2569
328 1796
217 1690
464 1433
585 162
900 61
804 904
784 330
514 624
566 902
765 1279
999 529
518 237
41 23680
443 320
893 78
500 1909
9 76583
133 1319
869 450
264 689
230 1121
731 1064
435 2007
114 1892
843 58
584 1263
798 1113
678 445
903 263
509 1219
680 1360
809 307
946 797
839 605
602 1171
581 1200
281 1820
698 84
95 2141
730 284
796 536
66 4946
625 1240
754 708
715 330
246 2095
146 1558
920 589
690 641
320 2029
214 1370
889 1065
867 952
151 5691
630 1468
206 152
234 1331
415 2150
821 376
293 236
714 529
792 611
906 967
300 1993
181 4512
14 22550
270 3097
685 520
430 1725
999 231
325 1846
968 400
359 1926
434 2115
214 3304
881 971
243 3347
444 1469
293 2722
577 910
254 291
933 885
354 1566
675 387
810 321
156 2835
546 999
46 18370
245 2409
730 172
