100
5 99 129 99 99 99
10 529 609 499 529 519 609 439 459 609 599
62 434 8041 6 556 941001 556 556 333 33490 587885 125 9 5159 556 79846 58722 42879 20254 7 959 661754 5 1948 556 807 556 556 556 162173 6303 5159 556 5159 16285 325023 556 556 7574 5159 27292 556 556 73 66125 1784 159 534378 2 728995 8811 5159 3 379 94507 75 7562 8 42709 878 2277 556 5159
19 9021 9021 9021 13425 9021 9021 9021 9021 9021 9021 9021 9021 9021 13425 9021 9021 9021 9021 9021
34 904 14964 75522 79 64 8 65663 65663 284 79 79 79 9 545868 79 755 733630 480 525673 50 189 862 79 6 264 835 3529 99752 79 815 71146 987 872 764519
13 2 2 2 2 2 2 2 2 2 2 2 2 2
17 270749 716550 63 68273 11 291 398736 68273 286741 68273 291 291 852 398736 68273 492 43356
40 70 70 70 70 70 62 70 70 88 70 70 70 70 70 70 70 70 70 88 70 70 70 70 70 70 70 70 70 70 70 70 70 70 70 70 70 70 70 70 70
5 969 99285 99285 99285 99285
99 478 414742 478 478 478 478 478 478 478 478 478 478 478 478 478 478 478 478 478 478 10 478 478 478 478 478 478 478 478 478 478 478 63 478 478 478 478 478 478 478 10 478 478 478 478 478 478 478 10 478 478 478 478 478 478 478 478 478 478 478 478 478 478 478 478 478 478 478 478 478 478 478 478 478 478 478 478 478 478 478 478 478 478 478 478 478 478 478 478 478 478 478 478 478 478 478 478 478 478
55 6953 255 646861 60 72 1372 95999 6953 253 1372 78343 255 38 40411 5 6953 7 80 3819 76 13 52868 50949 40966 796 95999 60158 922 6953 562 6953 1604 90920 72 6387 54 12537 640822 16 245822 645 4 14 462 99274 6953 49014 36828 65 6953 453 80 413 8 517532
61 45 633 2 34126 37425 2 2 180 2 511388 4842 530512 2 5194 2 110192 10 37425 291 37425 660790 2 460051 696 39227 2 5358 2 668375 464381 58 7 9 2 2 30 288 2 140 9594 49 765 26 14643 2 29 2 61 37425 816 298 2 94 84 42075 18 2 2 83 2 87113
77 10495 10495 10495 10495 10495 10495 10495 10495 76 10495 10495 10495 75 10495 10495 10495 10495 10495 76 10495 5945 10495 10495 5945 10495 10495 10495 10495 10495 8 10495 76 10495 10495 10495 53048 10495 10495 10495 10495 10495 10495 10495 10495 10495 10495 10495 10495 76 10495 10495 10495 76 10495 5945 10495 10495 10495 122 10495 10495 10495 10495 10495 76 10495 10495 10495 10495 10495 76 577 81445 5945 10495 10495 10495
94 26475 81819 78114 26475 555 26475 270893 8069 26475 316898 613149 26475 26475 81819 2092 10 345 26475 26475 316898 9 53 25883 189184 846 96 25883 26475 369294 8899 81819 94738 29 4693 591415 990745 2273 26475 2925 281 81819 81819 2925 34 81819 884937 81819 26475 456 786 8 81819 81819 2925 41 7 1816 7331 81819 717471 581 361621 26475 81819 190237 81819 41 81819 26475 1382 486 81819 52 81819 75 41 26475 81819 519719 81819 81819 365604 4 25883 5 472514 81819 81819 24167 45 151438 26475 26475 7369
79 86 28 2965 86 86 848 86 86 298 86 78181 452 86 86 86 86 86 452 86 938518 478 86 86 86 86 86 86 86 86 86 86 710 86 803 86 86 86 86 938518 86 19047 86 86 86 86 86 86 86 734479 86 86 86 86 86 86 12 86 86 86 86 452 86 86 86 6835 86 254 86 86 86 86 1833 86 86 86 86 86 86 9
20 8249 5 16473 38915 5 530 3 25 3 76976 38915 54170 7599 54170 512467 512467 54170 54170 4651 54170
25 77 90528 476 476 85477 5 90528 476 476 77 211572 5 77 211572 90528 211572 5 85477 85477 90528 476 476 77 90528 85477
42 40 40 40 40 40 40 14718 40 14718 40 40 40 40 40 4 4 14718 40 40 40 40 4 40 40 40 40 4 40 40 4 40 40 4 40 14718 4 40 40 40 9557 40 40
47 834632 24080 74 118 78 59605 741707 265 83213 265 265 265 663 265 24017 3 64 30517 2707 663 7469 8095 9 1109 953464 103 8 265 367 1372 8095 5 20526 6 265 265 2 76 61 265 10 7103 7 94513 862 265 8692
12 826187 826187 92 92 92 92 92 92 92 92 92 92
20 630525 630525 630525 630525 630525 630525 630525 1868 630525 630525 630525 630525 630525 1868 630525 630525 630525 630525 630525 630525
90 2 915690 915690 2 915690 2 2 915690 915690 915690 232 2 915690 2 232 2 232 2 2 915690 915690 2 2 2 2 2 232 7 915690 2 915690 915690 2 915690 915690 915690 915690 2 915690 915690 915690 2 915690 915690 915690 915690 915690 7 2 2 915690 7 915690 915690 2 2 2 915690 915690 915690 915690 915690 2 915690 915690 915690 2 915690 2 915690 2 915690 2 915690 2 2 232 2 915690 7 2 915690 915690 2 2 2 2 232 2 7
74 81 5882 65 65 65 5882 5882 65 65 65 5882 5882 65 65 65 5882 65 65 675 5882 923096 9068 65 65 963149 7 6 65 5882 65 963149 410 65 464361 65 5882 65 65 8066 464361 4 3255 65 5882 5882 5882 5882 65 963149 464361 5882 5882 5882 464361 5882 65 29 963149 464361 66 846 9 365070 9 65 464361 963149 464361 65 464361 5882 188 65 963149
62 9 444489 379 855 3 9 55421 379 7013 444489 379 175901 855 444489 855 88 690519 379 379 444489 855 444489 55421 379 854 379 855 9 855 855 444489 55421 7830 379 855 855 97 855 855 379 3550 8 65095 444489 9 3 855 75606 202 855 855 444489 444489 81376 444489 379 7013 27849 855 52261 690519 444489
25 53735 423647 6930 763087 131260 6930 6930 6930 75 82077 78 6930 885859 11 423647 6930 6 2 6930 6930 82077 7249 6247 10 6930
48 6118 6118 6118 6118 30197 6118 6118 6118 6118 6118 6118 6118 6118 6118 93818 6118 679898 213 6118 679898 30197 6118 6118 6118 6118 6118 679898 2127 6118 6118 6118 30197 6136 6118 6118 6136 679898 30197 30197 109573 6118 30197 30197 30197 6118 6118 6118 6118
97 612 612 612 612 612 612 612 612 612 612 612 612 612 612 612 612 612 612 8 612 612 612 612 612 612 8 8 612 612 612 8 612 612 8 612 612 612 612 8 612 612 362 612 612 612 612 612 612 8 612 612 612 612 612 612 362 612 8 612 612 612 612 612 8 612 8 612 612 612 8 612 612 612 612 612 612 612 612 612 8 8 612 612 8 612 362 612 612 612 612 612 612 612 612 612 612 612
93 537181 4332 92 92 864 3256 52 2373 69 92173 92 4332 5 7 3256 10 409 9 50051 2991 4648 48798 962 534 50051 50051 401 3204 50051 50051 5006 50051 36 170 30 3256 50051 3256 560 3256 5792 8928 35 24 54 92 92 355522 39 313579 61 50051 50051 807 192 33 2 50051 50051 50051 57 679 3256 38 50051 50051 6 282 92 50051 4332 92 8959 3256 60926 7078 306623 350 92 368 37 519 4 3 98987 383194 50051 176 8 697 3256 5497 745324
84 529787 2 1852 2 2 2 54 4 27033 2 529787 2 4 529787 81190 2 2 529787 1852 529787 2 99599 2 2 127 529787 2 2 27033 2 2 529787 1852 2 2 529787 529787 529787 529787 529787 529787 4 2 529787 2 2 2 2 4 3206 3310 2 2 2 529787 2 2 2 2 1852 27033 529787 2 1852 529787 529787 1852 1852 529787 1852 529787 2 1852 27033 2 2 529787 529787 529787 529787 529787 1852 2 2
37 513 4 94788 4 4 4 96 34879 272753 5 34 4 4 4 4 34473 883 10 2625 6436 5103 9 31 37733 87916 576801 4 485 513 4 4 814645 3 6 7561 4 78
64 428 428 428 428 428 428 428 428 428 428 428 428 428 428 428 428 428 428 428 428 428 428 428 428 428 428 428 428 428 428 428 428 428 428 428 428 428 428 428 428 428 428 428 428 428 428 428 428 428 428 428 428 428 428 428 428 428 428 428 428 428 428 428 428
53 58043 58043 542 9599 58043 355822 58043 58043 58043 355822 355822 80 58043 58043 355822 58043 58043 58043 58043 58043 355822 5866 58043 355822 355822 49 58043 58043 355822 58043 355822 58043 355822 99095 58043 58043 58043 27 49 967570 355822 58043 58043 58043 58043 58043 355822 58043 58043 8866 58043 6238 58043
35 30 73306 5153 8 55 328916 6 7 868308 69977 23382 3 9 26 220 711965 90033 41 711965 5 40293 769746 7882 3878 732270 10 2 488327 502 4 52 6593 72142 7738 90490
47 878059 36458 878059 878059 292266 878059 878059 878059 878059 878059 878059 878059 878059 878059 878059 878059 878059 878059 694438 878059 878059 878059 878059 878059 878059 878059 878059 878059 878059 878059 878059 878059 878059 878059 369 878059 878059 878059 715386 878059 878059 304 9 878059 878059 878059 878059
86 999999 796 999999 30 9 4212 999999 999999 999999 999999 795071 999999 999999 7501 999999 999999 646911 999999 999999 999999 7501 999999 7501 999999 999999 999999 7501 999999 999999 59216 999999 999999 999999 11 46540 999999 3937 999999 999999 7501 999999 254579 798 7501 7501 7501 999999 999999 410 7501 999999 42 999999 4 7501 999999 7501 7501 10 6687 7501 4065 57967 7501 6 33655 254579 7501 254579 7501 7501 999999 7501 7501 999999 208203 35 236328 254579 34 7501 999999 7501 999999 7501 7501
41 454 402162 402162 402162 402162 402162 402162 402162 402162 402162 402162 402162 402162 402162 402162 46 402162 402162 402162 402162 402162 402162 402162 402162 402162 402162 402162 4 402162 402162 402162 402162 402162 46 402162 30 75492 402162 46 402162 402162
35 49202 49202 49202 49202 49202 10 49202 49202 860674 7661 261369 4 49202 49202 2 49202 9464 49202 70860 49202 15 49202 49202 860674 49202 691 49202 49202 49202 49202 49202 9 49202 39 84227
44 84 42051 447081 84 84 636 84 10 42051 84 42051 84 84 42051 84 84 42051 42051 9663 84 84 42051 42051 84 84 42051 84 447081 42051 84 84 84 65485 84 84 84 84 84 447081 84 42051 42051 84 42051
57 71451 962421 34 63508 21242 944 6 5753 348 39992 5753 3 10 4238 91 270253 924 7038 63508 29055 12 4877 513018 34 52 556122 93 34 4 985 4999 5753 49283 4692 77978 8 5 7077 373836 2 70 34 34 81944 978851 174958 9 7 265 1732 34 5753 19 5753 794 68688 34
16 46 46 5960 46 46 46 46 81 46 81 46 46 81 81 46 254
64 688 743607 4 7841 9177 81 61748 67 560 9177 89144 9177 9177 92 9177 9177 537782 9177 818 8484 9177 78384 704 81 9177 9177 70547 81 9177 9177 5 9177 67 9177 9177 876 6489 512942 8 258233 9177 9177 6065 813 56005 9177 83428 13468 9177 179926 9177 79336 9177 73 3 9177 140994 81 67 9177 965 9177 9177 987821
35 3596 3596 5162 5162 875331 5162 89 5162 5162 5162 3596 3596 5162 5162 3596 5162 3596 5162 3596 3596 3596 5162 3596 5162 5162 3596 5162 3596 5162 5162 5162 64 3596 3596 3596
49 46 46 46 46 46 46 46 46 46 46 46 46 22 46 22 46 46 46 46 46 46 46 46 46 46 46 46 46 46 46 46 69 46 46 46 46 46 46 46 46 46 22 46 46 46 46 69 46 46
93 969220 936 38194 969220 719401 936 936 719401 936 936 936 792476 936 719401 936 969220 936 936 719401 936 936 719401 969220 936 936 936 792476 936 936 719401 936 936 38194 936 936 6966 936 719401 936 719401 719401 719401 719401 936 6966 719401 936 719401 936 969220 719401 936 2076 792476 792476 969220 936 936 969220 936 719401 969220 936 936 969220 936 719401 936 719401 719401 936 936 719401 719401 969220 6966 38194 936 969220 969220 936 2076 936 2076 719401 969220 792476 969220 936 936 719401 936 936
68 45937 44093 947484 947484 87 45937 87 29114 947484 947484 87 541872 45937 44093 87 87 45937 6 87 947484 621178 947484 947484 45937 947484 947484 947484 947484 45937 630117 410 84740 36 79 45937 947484 1270 44093 87 45937 44093 45937 45937 728 45937 87 947484 947484 9 87 45937 87 45937 947484 44093 49585 44093 44093 947484 947484 44093 947484 947484 947484 959 395 44093 947484
62 60 60 928748 595295 60 5 60 508063 60 60 842564 86 11860 60 75 5778 60 607943 60 60 40764 60 23 60 33 506134 60 60 2 60 445838 3483 74055 60 60 60 8 60 7715 706 60 60 60 60 2383 260 60 60 60 60 60 60 76254 947 26 478351 60 60 4 199 60 7118
4 626 6 3 626
78 522090 522090 522090 522090 522090 522090 522090 522090 522090 522090 522090 522090 522090 522090 522090 522090 522090 522090 522090 522090 522090 522090 522090 522090 522090 522090 522090 522090 522090 522090 522090 522090 522090 522090 522090 522090 522090 522090 522090 522090 522090 522090 522090 522090 522090 522090 522090 522090 522090 522090 522090 522090 522090 522090 522090 522090 522090 522090 522090 522090 522090 522090 522090 522090 522090 522090 522090 522090 522090 522090 522090 522090 522090 522090 522090 522090 522090 522090
25 64532 64532 19 64532 64532 64532 64532 64532 64532 64532 64532 64532 538 64532 64532 64532 34 64532 64532 100 64532 390630 9 390630 64532
75 164 15121 8426 164 15121 164 15121 164 164 924541 777 302 164 164 164 8 15121 164 358309 164 164 6231 19 8647 10 4381 164 164 164 164 164 164 15121 8426 164 164 7 164 3 15121 15121 164 164 8426 959 15121 164 14 4782 164 15121 164 164 164 7501 8426 3845 97 164 6014 164 15121 164 164 55 15121 8426 661380 164 53708 164 209398 15121 15121 164
15 117657 499 117657 13 117657 3264 117657 86 6 117657 697 621447 117657 199552 117657
67 50 656 16668 50 50 16668 16668 602050 15907 88262 50 88262 50 50 28961 50 16668 50 15907 50 50 16668 16668 656 16668 50 50 49515 656 656 15907 5050 50 656 50 16668 50 5050 50 16668 16668 656 50 50 656 50 50 263313 50 602050 15907 279674 50 50 50 50 16668 50 15907 16668 50 16668 50 50 50 50 15907
32 931278 4 9718 4 829 4 6 1511 686 66 4 948117 5 625980 4 4 1860 968259 4 1356 18397 4 27202 8649 81093 49356 10 4 4 4 670 4
74 6224 8795 5861 6224 8795 8795 6224 466 5861 8795 8795 363 6224 466 8795 466 5861 8795 6224 5861 466 466 6224 6224 466 466 363 6224 8795 8795 5861 8795 8795 5861 466 6224 6224 8795 5861 8795 8795 5861 8795 8795 5861 6224 466 8795 5861 466 2499 8795 6224 466 8795 6224 6224 5861 6224 8795 8795 6224 8795 8795 8795 8795 6224 8795 6224 6224 466 748386 6224 748386
6 41 41 41 41 41 196886
98 4 4 4 4 4 3955 4 4 4 89 4 4 4 4 4 4 4 4 8155 18385 6 59626 4 4 4 78241 4 4 8155 4 4 4 4 4 2 4 4 4 4 4 4 4 4 4 4 4 4 4 4 4 4 4 4 4 4 4 4 4 4 4 4 841 4 4 4 8 4 58 4 4 4 4 4 4 4 4 4 4 53751 4 75555 983 4 4 4 4 4 4 4 4 4 4 4 4 821411 4 4 4
86 35446 3 35446 64299 64299 35446 64299 3 35446 3 3 3 3 3 35446 35446 64299 35446 3 35446 3 35446 35446 64299 3 3 64299 3 3 3 3 3 3 3 35446 35446 35446 35446 3 35446 35446 35446 35446 3 3 1463 3 3 3 35446 3 3 35446 3 35446 1463 3 35446 3 35446 35446 35446 35446 35446 35446 35446 35446 1463 35446 64299 1463 35446 3 35446 35446 35446 3 1463 1463 3 3 64299 1463 3 35446 3
16 853132 853132 411252 6 853132 2217 711 78654 853132 20 853132 853132 853132 853132 853132 853132
80 855 855 855 855 855 855 855 855 855 855 855 855 855 6530 855 855 855 855 855 855 855 855 33279 855 855 855 855 855 855 855 855 33279 855 42555 855 855 855 855 855 855 855 855 855 855 855 855 855 855 855 855 855 855 855 855 855 855 855 855 855 855 42555 855 855 855 855 33279 855 855 855 855 855 855 855 855 855 855 855 855 33279 855
36 76451 402 402 402 402 402 402 402 402 99 4453 402 76451 402 4488 402 402 402 402 82 402 402 402 3 402 402 402 3 402 402 665 402 402 402 99 402
95 3601 25 40699 157320 6028 46936 3522 6 8254 49 840 1043 10 817763 3 541 40699 7 8 204 43946 3522 84 3522 8492 323 80091 2 4162 349280 3522 833166 800 3522 18849 200 35 3522 436841 819902 342 30903 35456 3522 81412 900509 4 36 84 3522 182246 3522 448 43 3522 4657 58590 34335 3522 165 204566 392 6353 6781 65 3589 99 24207 6668 59 6028 17725 84 849 885 8284 8401 77 5 6028 84 983 591077 6920 89 12671 224 6028 25887 72 9 1537 9445 752277 249
89 46 872 46 5451 5451 755 34157 429732 5451 46 5451 5451 18 5 5451 750923 5451 5451 5451 5451 5451 5451 5451 9728 5451 7902 5451 5451 5451 44 5451 46 46 46 5451 5451 57 5451 56644 5451 5451 5451 46 5451 5451 5451 5451 46 8 5451 5451 46 5451 5451 46 5451 46 5451 5451 116 5451 5451 46 5451 5451 5451 5451 5451 5451 5451 5451 5451 5451 79532 46 20963 5451 4931 33 32919 5451 116 5451 5451 68843 5451 5451 7346 5451
16 2267 706 69170 6350 75282 60617 71272 984069 16 249 38 85145 10071 2267 65 9
1 507
100 37 6820 56169 6 133 95653 53 966 982198 3 841 9156 7432 55 23 228 337124 768 83479 518525 5 735 2 98717 80150 344009 516494 9 3334 466 7 783 3436 42 91 985271 1421 43597 604 4 12 96 82 9913 219 7393 89975 660 65166 68 956555 8 6022 88363 518 80 51 22 54338 526 265 9913 1092 75575 129 78 859 567 394178 9356 734 184 6987 722 70 728319 455 17784 7096 938 268 7854 114 10 215 7834 47 5827 708 58480 882198 725 179 833 9593 370267 58330 3812 72566 798399
19 862 84 340802 168428 15 862 168428 49817 168428 29365 53210 4067 58 5499 862 124 7739 472556 168428
85 83771 60710 443 443 83771 1314 443 443 443 83771 83771 612 443 443 4095 443 443 443 443 443 443 612171 443 443 443 83771 83771 612171 83771 443 55 443 55 443 83771 443 443 443 443 443 83771 443 83771 1314 83771 443 83771 443 55 83771 443 83771 612 612 1314 83771 443 83771 443 443 443 83771 443 443 443 1314 4095 443 443 443 83771 443 83771 6310 443 16172 443 443 443 83771 443 83771 1314 443 443
97 918868 6328 9 3433 51400 5 518 6697 9964 47529 30 93 24457 604 918868 762 97872 831 306 94037 695 26888 26 707559 172202 3 96553 218 78 72 234902 1650 80498 1053 65409 227518 581 508 918868 8043 10 47966 68 918868 98 918868 87 4 41 18 38250 6683 73163 44537 86577 3263 12940 14208 61 918868 45958 6 58 51118 424207 116303 831 9964 2 3785 8 918868 831 239 918868 454 459737 79663 6515 918868 918868 3905 5745 791422 401775 918868 62 7 918868 490497 62501 39 22 323 9964 1736 918868
67 7 7 7 307889 7 307889 7 7 7 22136 7 5 8 7021 603 6 7 7 7 7 7 7 835579 307889 7 7 7 7 7 7 7 307889 7 307889 7 7 7 7 307889 7 7 307889 7 7 7 7 7 866627 5631 4 7 7 307889 307889 307889 7 307889 7 7 7 7 218338 7 7 7 7 7
13 529449 4011 5 5 4 5 4011 17 4 4 4011 4 3
49 527 527 720 527 527 527 527 527 527 527 527 527 527 720 527 527 527 527 4 527 527 44740 720 527 527 527 720 527 24 527 6765 527 529 527 527 527 527 527 527 527 720 527 527 527 527 527 527 527 527
46 48 48 837 48 48 837 7 48 837 48 10 71992 48 7 837 48 48 10 48 48 837 48 48 628 48 6639 48 48 837 48 837 7 48 48 10 826 10 48 837 837 48 837 837 837 48 10
96 64 64 816862 5 64 64 64 64 64 64 64 64 64 64 64 64 83 5166 8 7 4213 64 64 64 64 64 64 9 412 64 2 64 64 9940 64 64 649 64 64 64 64 943629 64 64 64 64 64 64 64 64 943629 4 10 6717 64 64 91 94748 4772 64 64 149132 64 59687 64 64 64 64 3 8312 95 64 64 64 64 64 28 64 1256 190 460 64 64 64 777070 725765 775281 846 64 42391 64 64 64 8 64 64
23 67914 440 751938 2895 7 440 767213 7 5 440 7 447479 37718 8 9078 203 7 7 291 7 35197 22 20611
64 3 3 3 262 3 3 3 3 3 3 3 3 3 3 3 3 3 3 3 3 3 3 3 3 3 3 3 3 3 3 1508 3 3 3 3 3 3 1508 3 3 3 3 3 3 3 3 28 3 3 3 3 3 3 3 3 3 3 1508 3 3 3 3 3 3
54 61621 693 2 966450 250834 3 4 44563 73696 794 6616 86 44589 9335 1809 540827 78005 411 44563 392 372790 59 6356 1827 9335 844201 988801 44563 286 56748 977 5 9709 7 9 10 559 85589 56 49 93292 74175 988801 463996 2848 6428 245366 123491 6592 9800 3 72 78764 92
100 253490 275 9224 745134 200 79646 74 303168 4 619 774 433 9 195459 8 67831 70 200 27 44 14006 488620 410 41 7011 42440 636 84949 36 1616 55 6 68381 198802 200 63786 77074 162743 71 50485 75955 62756 7 58 94 279 534 28661 87209 779478 31 898629 1878 54839 5 9719 866266 83 476 1470 200 193 97 78726 35579 2 200 92 98506 10 67638 64 73370 5934 48 613 645 66 54 69386 8039 505 215 11422 16 86 14 444973 89 2792 4267 75 176030 200 308 955042 3564 79 958 3
46 676225 91 676225 676225 91 91 676225 91 91 91 91 91 91 676225 23 676225 91 676225 281 676225 91 91 91 91 91 91 91 91 91 676225 676225 91 91 91 91 91 676225 676225 676225 91 91 91 91 676225 91 676225
1 694292
24 7 82 575 3 7 379 575 575 575 379 575 257 257 575 82 81 575 257 575 82 48332 69 575 575
90 47 3 3 7 7 7 7 7 7 7 6151 3 6151 6151 7 702 96 7 7 7 3 6151 6151 7 93546 7 93546 3 6151 753 7 7 3 6151 6151 7 93546 93546 6151 7 3 6042 6151 43152 7 7 7 7 7 753207 36 3 6151 93546 3 3 6151 3 7 233171 7 8 6151 7 6151 7 3 6151 7 7 6151 9 868198 7 6151 7 6151 7 7 7 698799 7 3 6151 7 3 7 80 6151 7
32 235 79415 208386 235 860191 79415 860191 4670 3626 8817 79415 860191 7058 510 700180 860191 860191 860191 282 6 931442 235 235 407563 860191 974386 235 98 79415 235 860191 235
34 1 4454 1 1 1 1 1 1 1 1 1 1 4454 700466 1 1 1 1 1 1 1 1 1 1 1 1 1 700466 1 1 1 1 4454 1
15 5334 939 2728 23 7779 23 400 866439 68 71 23 23 29 23 3
64 77 77 77 77 77 42848 77 77 77 77 77 77 77 77 77 77 77 77 77 77 77 77 77 77 77 77 77 77 77 77 77 77 77 77 77 77 77 77 77 77 77 77 77 77 77 77 77 77 77 77 77 77 77 77 77 77 77 77 77 77 77 77 77 77
68 129916 99 99 99 805 99 99 99 99 99 99 99 99 99 99 99 99 99 99 99 99 99 129916 99 99 99 99 99 99 99 99 99 99 99 99 129916 99 99 99 99 99 99 99 99 805 99 99 99 99 99 99 805 129916 99 99 99 99 99 99 99 99 99 99 99 805 99 99 129916
4 7631 7631 7631 7631
54 918324 41 59690 41 2 54371 3068 28028 64 8408 512046 40951 70719 8 48 41 34 9 904 145585 935 78 62 6 1528 739 88430 955437 399 424280 41 3 140 41 7 184761 10 433 399618 100 12 65199 80 312 5 10821 678133 41 7421 41 95352 982 916934 254691
3 975903 59 59
6 78361 78361 78361 78361 78361 78361
68 9953 9953 9953 100 9953 100 9953 65 9953 9953 100 9953 57128 100 9953 9953 9953 9953 65 65 9953 10 100 9953 1539 100 841630 841630 9953 100 100 65 57392 10 100 9953 371558 9953 10 9953 91 100 9953 100 9953 9953 65 9953 12004 9953 9953 9953 9953 841630 10 9953 65 65 64 9953 65 9953 9953 9953 100 65 9953 9953
58 70729 70729 70729 70729 70729 70729 70729 70729 70729 70729 70729 70729 70729 70729 70729 70729 70729 70729 70729 70729 70729 70729 70729 70729 70729 70729 70729 70729 70729 70729 70729 70729 70729 70729 70729 70729 70729 70729 70729 70729 70729 70729 70729 70729 70729 70729 70729 70729 70729 70729 70729 70729 70729 70729 70729 70729 70729 70729
39 5167 4650 5167 29 42 5167 985 5167 5167 5167 5167 2 5167 5167 79 5167 5167 5167 5167 95 5167 977712 5167 5167 4 85 322 903 5167 5167 5167 5167 307943 5167 9 5167 5167 768 5167
94 992177 484200 484200 992177 992177 992177 992177 35 484200 992177 484200 992177 992177 992177 484200 484200 484200 992177 992177 484200 992177 992177 992177 992177 992177 484200 484200 484200 992177 992177 992177 992177 484200 35 484200 484200 484200 35 484200 992177 69808 484200 484200 484200 992177 35 484200 992177 992177 484200 35 484200 35 484200 992177 992177 484200 992177 484200 992177 484200 484200 484200 484200 484200 35 69808 992177 484200 992177 484200 69808 992177 992177 992177 35 992177 992177 484200 35 484200 484200 992177 69808 992177 992177 484200 992177 992177 992177 992177 992177 484200 484200
92 953556 3650 953556 9 953556 953556 3650 953556 953556 953556 953556 953556 953556 953556 9 953556 953556 9 953556 3650 3650 953556 953556 3650 953556 953556 953556 953556 953556 953556 953556 3650 953556 953556 953556 953556 953556 953556 953556 953556 9 953556 3650 953556 953556 953556 953556 953556 953556 953556 953556 953556 3650 953556 953556 953556 953556 953556 953556 953556 953556 953556 953556 953556 953556 953556 953556 953556 3650 3650 3650 953556 3650 3650 953556 3650 953556 9 953556 953556 953556 953556 953556 3650 953556 953556 953556 953556 953556 953556 953556 953556
86 370 975521 88138 469 10 88138 88138 88138 10 88138 88138 10 88138 48111 88138 88138 45068 88138 88138 88138 88138 159 7 88138 3 10 10 88138 88138 88138 690635 88138 975521 88138 690635 469 88138 88138 10 10 975521 975521 975521 88138 88138 88138 88138 88138 88138 469 88138 88138 975521 88138 88138 3 469 88138 88138 469 469 88138 88138 88138 77975 88138 690635 88138 88138 687425 88138 88138 469 469 88138 45068 88138 88138 88138 3 88138 88138 88138 159 975521 88138
62 37665 69253 71 928 85 928 8 6404 373 8 928 8 928 8 8 5 90043 8 90043 928 928 85 8 25346 3 70 8 6405 37665 32 928 90043 37665 45 928 85 90043 928 22097 928 928 5692 928 8 90043 12 9 90043 928 90043 85 928 928 29 90043 441361 85 8 85 90043 928 6
31 10 10 10 10 10 884 10 82446 10 10 10 10 10 10 82446 10 884 10 10 10 10 10 82446 82446 10 10 82446 10 10 10 10
35 481 481 481 12 481 481 401086 180263 9 50 100 180263 481 481 46 5 481 481 149411 481 481 481 803 91 481 481 2504 481 481 89 10 14681 180263 56 481
86 62 62 62 9 62 62 62 62 62 62 62 62 62 62 62 205394 62 62 62 62 62 62 62 6716 62 62 62 62 62 62 62 62 62 62 62 62 62 62 62 62 62 62 62 62 62 62 62 62 62 62 62 62 62 62 62 62 62 62 62 62 62 62 62 62 62 62 62 62 62 62 62 62 62 62 62 62 62 62 62 62 62 62 62 62 62 62
1 404
