19
5 3
0 0 1
120 160 2
120 1940 1
5 3
3 9 0
123 169 3
123 1949 1
8 5
0 0 8
200 200 7
400 100 8
300 500 3
3000 4000 0
1 2
0 0 0
0 0 1
9999 2
0 0 0
0 0 1
1 2
0 0 0
0 580 0
1 2
0 0 0
0 590 0
1 2
0 0 0
0 600 0
2 2
0 0 0
0 1 17
2 2
0 0 0
0 1 18
142 2
0 0 0
0 1 999
143 2
0 0 0
0 1 999
9999 2
0 0 0
1000000 1000000 0
9999 4
0 0 0
1000000 1000000 0
1 0 0
1000000 999999 0
9999 5
0 0 0
1000000 1000000 0
1 0 0
1000000 999999 0
2 0 0
9999 70
0 0 999
0 1 999
0 2 999
0 3 999
0 4 999
0 5 999
0 6 999
0 7 999
0 8 999
0 9 999
0 10 999
0 11 999
0 12 999
0 13 999
0 14 999
0 15 999
0 16 999
0 17 999
0 18 999
0 19 999
0 20 999
0 21 999
0 22 999
0 23 999
0 24 999
0 25 999
0 26 999
0 27 999
0 28 999
0 29 999
0 30 999
0 31 999
0 32 999
0 33 999
0 34 999
0 35 999
0 36 999
0 37 999
0 38 999
0 39 999
0 40 999
0 41 999
0 42 999
0 43 999
0 44 999
0 45 999
0 46 999
0 47 999
0 48 999
0 49 999
0 50 999
0 51 999
0 52 999
0 53 999
0 54 999
0 55 999
0 56 999
0 57 999
0 58 999
0 59 999
0 60 999
0 61 999
0 62 999
0 63 999
0 64 999
0 65 999
0 66 999
0 67 999
0 68 999
0 69 999
9999 71
0 0 999
0 1 999
0 2 999
0 3 999
0 4 999
0 5 999
0 6 999
0 7 999
0 8 999
0 9 999
0 10 999
0 11 999
0 12 999
0 13 999
0 14 999
0 15 999
0 16 999
0 17 999
0 18 999
0 19 999
0 20 999
0 21 999
0 22 999
0 23 999
0 24 999
0 25 999
0 26 999
0 27 999
0 28 999
0 29 999
0 30 999
0 31 999
0 32 999
0 33 999
0 34 999
0 35 999
0 36 999
0 37 999
0 38 999
0 39 999
0 40 999
0 41 999
0 42 999
0 43 999
0 44 999
0 45 999
0 46 999
0 47 999
0 48 999
0 49 999
0 50 999
0 51 999
0 52 999
0 53 999
0 54 999
0 55 999
0 56 999
0 57 999
0 58 999
0 59 999
0 60 999
0 61 999
0 62 999
0 63 999
0 64 999
0 65 999
0 66 999
0 67 999
0 68 999
0 69 999
0 70 999
9999 999
0 0 0
1 0 0
2 0 0
3 0 0
4 0 0
5 0 0
6 0 0
7 0 0
8 0 0
9 0 0
10 0 0
11 0 0
12 0 0
13 0 0
14 0 0
15 0 0
16 0 0
17 0 0
18 0 0
19 0 0
20 0 0
21 0 0
22 0 0
23 0 0
24 0 0
25 0 0
26 0 0
27 0 0
28 0 0
29 0 0
30 0 0
31 0 0
32 0 0
33 0 0
34 0 0
35 0 0
36 0 0
37 0 0
38 0 0
39 0 0
40 0 0
41 0 0
42 0 0
43 0 0
44 0 0
45 0 0
46 0 0
47 0 0
48 0 0
49 0 0
50 0 0
51 0 0
52 0 0
53 0 0
54 0 0
55 0 0
56 0 0
57 0 0
58 0 0
59 0 0
60 0 0
61 0 0
62 0 0
63 0 0
64 0 0
65 0 0
66 0 0
67 0 0
68 0 0
69 0 0
70 0 0
71 0 0
72 0 0
73 0 0
74 0 0
75 0 0
76 0 0
77 0 0
78 0 0
79 0 0
80 0 0
81 0 0
82 0 0
83 0 0
84 0 0
85 0 0
86 0 0
87 0 0
88 0 0
89 0 0
90 0 0
91 0 0
92 0 0
93 0 0
94 0 0
95 0 0
96 0 0
97 0 0
98 0 0
99 0 0
100 0 0
101 0 0
102 0 0
103 0 0
104 0 0
105 0 0
106 0 0
107 0 0
108 0 0
109 0 0
110 0 0
111 0 0
112 0 0
113 0 0
114 0 0
115 0 0
116 0 0
117 0 0
118 0 0
119 0 0
120 0 0
121 0 0
122 0 0
123 0 0
124 0 0
125 0 0
126 0 0
127 0 0
128 0 0
129 0 0
130 0 0
131 0 0
132 0 0
133 0 0
134 0 0
135 0 0
136 0 0
137 0 0
138 0 0
139 0 0
140 0 0
141 0 0
142 0 0
143 0 0
144 0 0
145 0 0
146 0 0
147 0 0
148 0 0
149 0 0
150 0 0
151 0 0
152 0 0
153 0 0
154 0 0
155 0 0
156 0 0
157 0 0
158 0 0
159 0 0
160 0 0
161 0 0
162 0 0
163 0 0
164 0 0
165 0 0
166 0 0
167 0 0
168 0 0
169 0 0
170 0 0
171 0 0
172 0 0
173 0 0
174 0 0
175 0 0
176 0 0
177 0 0
178 0 0
179 0 0
180 0 0
181 0 0
182 0 0
183 0 0
184 0 0
185 0 0
186 0 0
187 0 0
188 0 0
189 0 0
190 0 0
191 0 0
192 0 0
193 0 0
194 0 0
195 0 0
196 0 0
197 0 0
198 0 0
199 0 0
200 0 0
201 0 0
202 0 0
203 0 0
204 0 0
205 0 0
206 0 0
207 0 0
208 0 0
209 0 0
210 0 0
211 0 0
212 0 0
213 0 0
214 0 0
215 0 0
216 0 0
217 0 0
218 0 0
219 0 0
220 0 0
221 0 0
222 0 0
223 0 0
224 0 0
225 0 0
226 0 0
227 0 0
228 0 0
229 0 0
230 0 0
231 0 0
232 0 0
233 0 0
234 0 0
235 0 0
236 0 0
237 0 0
238 0 0
239 0 0
240 0 0
241 0 0
242 0 0
243 0 0
244 0 0
245 0 0
246 0 0
247 0 0
248 0 0
249 0 0
250 0 0
251 0 0
252 0 0
253 0 0
254 0 0
255 0 0
256 0 0
257 0 0
258 0 0
259 0 0
260 0 0
261 0 0
262 0 0
263 0 0
264 0 0
265 0 0
266 0 0
267 0 0
268 0 0
269 0 0
270 0 0
271 0 0
272 0 0
273 0 0
274 0 0
275 0 0
276 0 0
277 0 0
278 0 0
279 0 0
280 0 0
281 0 0
282 0 0
283 0 0
284 0 0
285 0 0
286 0 0
287 0 0
288 0 0
289 0 0
290 0 0
291 0 0
292 0 0
293 0 0
294 0 0
295 0 0
296 0 0
297 0 0
298 0 0
299 0 0
300 0 0
301 0 0
302 0 0
303 0 0
304 0 0
305 0 0
306 0 0
307 0 0
308 0 0
309 0 0
310 0 0
311 0 0
312 0 0
313 0 0
314 0 0
315 0 0
316 0 0
317 0 0
318 0 0
319 0 0
320 0 0
321 0 0
322 0 0
323 0 0
324 0 0
325 0 0
326 0 0
327 0 0
328 0 0
329 0 0
330 0 0
331 0 0
332 0 0
333 0 0
334 0 0
335 0 0
336 0 0
337 0 0
338 0 0
339 0 0
340 0 0
341 0 0
342 0 0
343 0 0
344 0 0
345 0 0
346 0 0
347 0 0
348 0 0
349 0 0
350 0 0
351 0 0
352 0 0
353 0 0
354 0 0
355 0 0
356 0 0
357 0 0
358 0 0
359 0 0
360 0 0
361 0 0
362 0 0
363 0 0
364 0 0
365 0 0
366 0 0
367 0 0
368 0 0
369 0 0
370 0 0
371 0 0
372 0 0
373 0 0
374 0 0
375 0 0
376 0 0
377 0 0
378 0 0
379 0 0
380 0 0
381 0 0
382 0 0
383 0 0
384 0 0
385 0 0
386 0 0
387 0 0
388 0 0
389 0 0
390 0 0
391 0 0
392 0 0
393 0 0
394 0 0
395 0 0
396 0 0
397 0 0
398 0 0
399 0 0
400 0 0
401 0 0
402 0 0
403 0 0
404 0 0
405 0 0
406 0 0
407 0 0
408 0 0
409 0 0
410 0 0
411 0 0
412 0 0
413 0 0
414 0 0
415 0 0
416 0 0
417 0 0
418 0 0
419 0 0
420 0 0
421 0 0
422 0 0
423 0 0
424 0 0
425 0 0
426 0 0
427 0 0
428 0 0
429 0 0
430 0 0
431 0 0
432 0 0
433 0 0
434 0 0
435 0 0
436 0 0
437 0 0
438 0 0
439 0 0
440 0 0
441 0 0
442 0 0
443 0 0
444 0 0
445 0 0
446 0 0
447 0 0
448 0 0
449 0 0
450 0 0
451 0 0
452 0 0
453 0 0
454 0 0
455 0 0
456 0 0
457 0 0
458 0 0
459 0 0
460 0 0
461 0 0
462 0 0
463 0 0
464 0 0
465 0 0
466 0 0
467 0 0
468 0 0
469 0 0
470 0 0
471 0 0
472 0 0
473 0 0
474 0 0
475 0 0
476 0 0
477 0 0
478 0 0
479 0 0
480 0 0
481 0 0
482 0 0
483 0 0
484 0 0
485 0 0
486 0 0
487 0 0
488 0 0
489 0 0
490 0 0
491 0 0
492 0 0
493 0 0
494 0 0
495 0 0
496 0 0
497 0 0
498 0 0
499 0 0
500 0 0
501 0 0
502 0 0
503 0 0
504 0 0
505 0 0
506 0 0
507 0 0
508 0 0
509 0 0
510 0 0
511 0 0
512 0 0
513 0 0
514 0 0
515 0 0
516 0 0
517 0 0
518 0 0
519 0 0
520 0 0
521 0 0
522 0 0
523 0 0
524 0 0
525 0 0
526 0 0
527 0 0
528 0 0
529 0 0
530 0 0
531 0 0
532 0 0
533 0 0
534 0 0
535 0 0
536 0 0
537 0 0
538 0 0
539 0 0
540 0 0
541 0 0
542 0 0
543 0 0
544 0 0
545 0 0
546 0 0
547 0 0
548 0 0
549 0 0
550 0 0
551 0 0
552 0 0
553 0 0
554 0 0
555 0 0
556 0 0
557 0 0
558 0 0
559 0 0
560 0 0
561 0 0
562 0 0
563 0 0
564 0 0
565 0 0
566 0 0
567 0 0
568 0 0
569 0 0
570 0 0
571 0 0
572 0 0
573 0 0
574 0 0
575 0 0
576 0 0
577 0 0
578 0 0
579 0 0
580 0 0
581 0 0
582 0 0
583 0 0
584 0 0
585 0 0
586 0 0
587 0 0
588 0 0
589 0 0
590 0 0
591 0 0
592 0 0
593 0 0
594 0 0
595 0 0
596 0 0
597 0 0
598 0 0
599 0 0
600 0 0
601 0 0
602 0 0
603 0 0
604 0 0
605 0 0
606 0 0
607 0 0
608 0 0
609 0 0
610 0 0
611 0 0
612 0 0
613 0 0
614 0 0
615 0 0
616 0 0
617 0 0
618 0 0
619 0 0
620 0 0
621 0 0
622 0 0
623 0 0
624 0 0
625 0 0
626 0 0
627 0 0
628 0 0
629 0 0
630 0 0
631 0 0
632 0 0
633 0 0
634 0 0
635 0 0
636 0 0
637 0 0
638 0 0
639 0 0
640 0 0
641 0 0
642 0 0
643 0 0
644 0 0
645 0 0
646 0 0
647 0 0
648 0 0
649 0 0
650 0 0
651 0 0
652 0 0
653 0 0
654 0 0
655 0 0
656 0 0
657 0 0
658 0 0
659 0 0
660 0 0
661 0 0
662 0 0
663 0 0
664 0 0
665 0 0
666 0 0
667 0 0
668 0 0
669 0 0
670 0 0
671 0 0
672 0 0
673 0 0
674 0 0
675 0 0
676 0 0
677 0 0
678 0 0
679 0 0
680 0 0
681 0 0
682 0 0
683 0 0
684 0 0
685 0 0
686 0 0
687 0 0
688 0 0
689 0 0
690 0 0
691 0 0
692 0 0
693 0 0
694 0 0
695 0 0
696 0 0
697 0 0
698 0 0
699 0 0
700 0 0
701 0 0
702 0 0
703 0 0
704 0 0
705 0 0
706 0 0
707 0 0
708 0 0
709 0 0
710 0 0
711 0 0
712 0 0
713 0 0
714 0 0
715 0 0
716 0 0
717 0 0
718 0 0
719 0 0
720 0 0
721 0 0
722 0 0
723 0 0
724 0 0
725 0 0
726 0 0
727 0 0
728 0 0
729 0 0
730 0 0
731 0 0
732 0 0
733 0 0
734 0 0
735 0 0
736 0 0
737 0 0
738 0 0
739 0 0
740 0 0
741 0 0
742 0 0
743 0 0
744 0 0
745 0 0
746 0 0
747 0 0
748 0 0
749 0 0
750 0 0
751 0 0
752 0 0
753 0 0
754 0 0
755 0 0
756 0 0
757 0 0
758 0 0
759 0 0
760 0 0
761 0 0
762 0 0
763 0 0
764 0 0
765 0 0
766 0 0
767 0 0
768 0 0
769 0 0
770 0 0
771 0 0
772 0 0
773 0 0
774 0 0
775 0 0
776 0 0
777 0 0
778 0 0
779 0 0
780 0 0
781 0 0
782 0 0
783 0 0
784 0 0
785 0 0
786 0 0
787 0 0
788 0 0
789 0 0
790 0 0
791 0 0
792 0 0
793 0 0
794 0 0
795 0 0
796 0 0
797 0 0
798 0 0
799 0 0
800 0 0
801 0 0
802 0 0
803 0 0
804 0 0
805 0 0
806 0 0
807 0 0
808 0 0
809 0 0
810 0 0
811 0 0
812 0 0
813 0 0
814 0 0
815 0 0
816 0 0
817 0 0
818 0 0
819 0 0
820 0 0
821 0 0
822 0 0
823 0 0
824 0 0
825 0 0
826 0 0
827 0 0
828 0 0
829 0 0
830 0 0
831 0 0
832 0 0
833 0 0
834 0 0
835 0 0
836 0 0
837 0 0
838 0 0
839 0 0
840 0 0
841 0 0
842 0 0
843 0 0
844 0 0
845 0 0
846 0 0
847 0 0
848 0 0
849 0 0
850 0 0
851 0 0
852 0 0
853 0 0
854 0 0
855 0 0
856 0 0
857 0 0
858 0 0
859 0 0
860 0 0
861 0 0
862 0 0
863 0 0
864 0 0
865 0 0
866 0 0
867 0 0
868 0 0
869 0 0
870 0 0
871 0 0
872 0 0
873 0 0
874 0 0
875 0 0
876 0 0
877 0 0
878 0 0
879 0 0
880 0 0
881 0 0
882 0 0
883 0 0
884 0 0
885 0 0
886 0 0
887 0 0
888 0 0
889 0 0
890 0 0
891 0 0
892 0 0
893 0 0
894 0 0
895 0 0
896 0 0
897 0 0
898 0 0
899 0 0
900 0 0
901 0 0
902 0 0
903 0 0
904 0 0
905 0 0
906 0 0
907 0 0
908 0 0
909 0 0
910 0 0
911 0 0
912 0 0
913 0 0
914 0 0
915 0 0
916 0 0
917 0 0
918 0 0
919 0 0
920 0 0
921 0 0
922 0 0
923 0 0
924 0 0
925 0 0
926 0 0
927 0 0
928 0 0
929 0 0
930 0 0
931 0 0
932 0 0
933 0 0
934 0 0
935 0 0
936 0 0
937 0 0
938 0 0
939 0 0
940 0 0
941 0 0
942 0 0
943 0 0
944 0 0
945 0 0
946 0 0
947 0 0
948 0 0
949 0 0
950 0 0
951 0 0
952 0 0
953 0 0
954 0 0
955 0 0
956 0 0
957 0 0
958 0 0
959 0 0
960 0 0
961 0 0
962 0 0
963 0 0
964 0 0
965 0 0
966 0 0
967 0 0
968 0 0
969 0 0
970 0 0
971 0 0
972 0 0
973 0 0
974 0 0
975 0 0
976 0 0
977 0 0
978 0 0
979 0 0
980 0 0
981 0 0
982 0 0
983 0 0
984 0 0
985 0 0
986 0 0
987 0 0
988 0 0
989 0 0
990 0 0
991 0 0
992 0 0
993 0 0
994 0 0
995 0 0
996 0 0
997 0 0
998 0 0
9999 999
0 0 999
1 0 999
2 0 999
3 0 999
4 0 999
5 0 999
6 0 999
7 0 999
8 0 999
9 0 999
10 0 999
11 0 999
12 0 999
13 0 999
14 0 999
15 0 999
16 0 999
17 0 999
18 0 999
19 0 999
20 0 999
21 0 999
22 0 999
23 0 999
24 0 999
25 0 999
26 0 999
27 0 999
28 0 999
29 0 999
30 0 999
31 0 999
32 0 999
33 0 999
34 0 999
35 0 999
36 0 999
37 0 999
38 0 999
39 0 999
40 0 999
41 0 999
42 0 999
43 0 999
44 0 999
45 0 999
46 0 999
47 0 999
48 0 999
49 0 999
50 0 999
51 0 999
52 0 999
53 0 999
54 0 999
55 0 999
56 0 999
57 0 999
58 0 999
59 0 999
60 0 999
61 0 999
62 0 999
63 0 999
64 0 999
65 0 999
66 0 999
67 0 999
68 0 999
69 0 999
70 0 999
71 0 999
72 0 999
73 0 999
74 0 999
75 0 999
76 0 999
77 0 999
78 0 999
79 0 999
80 0 999
81 0 999
82 0 999
83 0 999
84 0 999
85 0 999
86 0 999
87 0 999
88 0 999
89 0 999
90 0 999
91 0 999
92 0 999
93 0 999
94 0 999
95 0 999
96 0 999
97 0 999
98 0 999
99 0 999
100 0 999
101 0 999
102 0 999
103 0 999
104 0 999
105 0 999
106 0 999
107 0 999
108 0 999
109 0 999
110 0 999
111 0 999
112 0 999
113 0 999
114 0 999
115 0 999
116 0 999
117 0 999
118 0 999
119 0 999
120 0 999
121 0 999
122 0 999
123 0 999
124 0 999
125 0 999
126 0 999
127 0 999
128 0 999
129 0 999
130 0 999
131 0 999
132 0 999
133 0 999
134 0 999
135 0 999
136 0 999
137 0 999
138 0 999
139 0 999
140 0 999
141 0 999
142 0 999
143 0 999
144 0 999
145 0 999
146 0 999
147 0 999
148 0 999
149 0 999
150 0 999
151 0 999
152 0 999
153 0 999
154 0 999
155 0 999
156 0 999
157 0 999
158 0 999
159 0 999
160 0 999
161 0 999
162 0 999
163 0 999
164 0 999
165 0 999
166 0 999
167 0 999
168 0 999
169 0 999
170 0 999
171 0 999
172 0 999
173 0 999
174 0 999
175 0 999
176 0 999
177 0 999
178 0 999
179 0 999
180 0 999
181 0 999
182 0 999
183 0 999
184 0 999
185 0 999
186 0 999
187 0 999
188 0 999
189 0 999
190 0 999
191 0 999
192 0 999
193 0 999
194 0 999
195 0 999
196 0 999
197 0 999
198 0 999
199 0 999
200 0 999
201 0 999
202 0 999
203 0 999
204 0 999
205 0 999
206 0 999
207 0 999
208 0 999
209 0 999
210 0 999
211 0 999
212 0 999
213 0 999
214 0 999
215 0 999
216 0 999
217 0 999
218 0 999
219 0 999
220 0 999
221 0 999
222 0 999
223 0 999
224 0 999
225 0 999
226 0 999
227 0 999
228 0 999
229 0 999
230 0 999
231 0 999
232 0 999
233 0 999
234 0 999
235 0 999
236 0 999
237 0 999
238 0 999
239 0 999
240 0 999
241 0 999
242 0 999
243 0 999
244 0 999
245 0 999
246 0 999
247 0 999
248 0 999
249 0 999
250 0 999
251 0 999
252 0 999
253 0 999
254 0 999
255 0 999
256 0 999
257 0 999
258 0 999
259 0 999
260 0 999
261 0 999
262 0 999
263 0 999
264 0 999
265 0 999
266 0 999
267 0 999
268 0 999
269 0 999
270 0 999
271 0 999
272 0 999
273 0 999
274 0 999
275 0 999
276 0 999
277 0 999
278 0 999
279 0 999
280 0 999
281 0 999
282 0 999
283 0 999
284 0 999
285 0 999
286 0 999
287 0 999
288 0 999
289 0 999
290 0 999
291 0 999
292 0 999
293 0 999
294 0 999
295 0 999
296 0 999
297 0 999
298 0 999
299 0 999
300 0 999
301 0 999
302 0 999
303 0 999
304 0 999
305 0 999
306 0 999
307 0 999
308 0 999
309 0 999
310 0 999
311 0 999
312 0 999
313 0 999
314 0 999
315 0 999
316 0 999
317 0 999
318 0 999
319 0 999
320 0 999
321 0 999
322 0 999
323 0 999
324 0 999
325 0 999
326 0 999
327 0 999
328 0 999
329 0 999
330 0 999
331 0 999
332 0 999
333 0 999
334 0 999
335 0 999
336 0 999
337 0 999
338 0 999
339 0 999
340 0 999
341 0 999
342 0 999
343 0 999
344 0 999
345 0 999
346 0 999
347 0 999
348 0 999
349 0 999
350 0 999
351 0 999
352 0 999
353 0 999
354 0 999
355 0 999
356 0 999
357 0 999
358 0 999
359 0 999
360 0 999
361 0 999
362 0 999
363 0 999
364 0 999
365 0 999
366 0 999
367 0 999
368 0 999
369 0 999
370 0 999
371 0 999
372 0 999
373 0 999
374 0 999
375 0 999
376 0 999
377 0 999
378 0 999
379 0 999
380 0 999
381 0 999
382 0 999
383 0 999
384 0 999
385 0 999
386 0 999
387 0 999
388 0 999
389 0 999
390 0 999
391 0 999
392 0 999
393 0 999
394 0 999
395 0 999
396 0 999
397 0 999
398 0 999
399 0 999
400 0 999
401 0 999
402 0 999
403 0 999
404 0 999
405 0 999
406 0 999
407 0 999
408 0 999
409 0 999
410 0 999
411 0 999
412 0 999
413 0 999
414 0 999
415 0 999
416 0 999
417 0 999
418 0 999
419 0 999
420 0 999
421 0 999
422 0 999
423 0 999
424 0 999
425 0 999
426 0 999
427 0 999
428 0 999
429 0 999
430 0 999
431 0 999
432 0 999
433 0 999
434 0 999
435 0 999
436 0 999
437 0 999
438 0 999
439 0 999
440 0 999
441 0 999
442 0 999
443 0 999
444 0 999
445 0 999
446 0 999
447 0 999
448 0 999
449 0 999
450 0 999
451 0 999
452 0 999
453 0 999
454 0 999
455 0 999
456 0 999
457 0 999
458 0 999
459 0 999
460 0 999
461 0 999
462 0 999
463 0 999
464 0 999
465 0 999
466 0 999
467 0 999
468 0 999
469 0 999
470 0 999
471 0 999
472 0 999
473 0 999
474 0 999
475 0 999
476 0 999
477 0 999
478 0 999
479 0 999
480 0 999
481 0 999
482 0 999
483 0 999
484 0 999
485 0 999
486 0 999
487 0 999
488 0 999
489 0 999
490 0 999
491 0 999
492 0 999
493 0 999
494 0 999
495 0 999
496 0 999
497 0 999
498 0 999
499 0 999
500 0 999
501 0 999
502 0 999
503 0 999
504 0 999
505 0 999
506 0 999
507 0 999
508 0 999
509 0 999
510 0 999
511 0 999
512 0 999
513 0 999
514 0 999
515 0 999
516 0 999
517 0 999
518 0 999
519 0 999
520 0 999
521 0 999
522 0 999
523 0 999
524 0 999
525 0 999
526 0 999
527 0 999
528 0 999
529 0 999
530 0 999
531 0 999
532 0 999
533 0 999
534 0 999
535 0 999
536 0 999
537 0 999
538 0 999
539 0 999
540 0 999
541 0 999
542 0 999
543 0 999
544 0 999
545 0 999
546 0 999
547 0 999
548 0 999
549 0 999
550 0 999
551 0 999
552 0 999
553 0 999
554 0 999
555 0 999
556 0 999
557 0 999
558 0 999
559 0 999
560 0 999
561 0 999
562 0 999
563 0 999
564 0 999
565 0 999
566 0 999
567 0 999
568 0 999
569 0 999
570 0 999
571 0 999
572 0 999
573 0 999
574 0 999
575 0 999
576 0 999
577 0 999
578 0 999
579 0 999
580 0 999
581 0 999
582 0 999
583 0 999
584 0 999
585 0 999
586 0 999
587 0 999
588 0 999
589 0 999
590 0 999
591 0 999
592 0 999
593 0 999
594 0 999
595 0 999
596 0 999
597 0 999
598 0 999
599 0 999
600 0 999
601 0 999
602 0 999
603 0 999
604 0 999
605 0 999
606 0 999
607 0 999
608 0 999
609 0 999
610 0 999
611 0 999
612 0 999
613 0 999
614 0 999
615 0 999
616 0 999
617 0 999
618 0 999
619 0 999
620 0 999
621 0 999
622 0 999
623 0 999
624 0 999
625 0 999
626 0 999
627 0 999
628 0 999
629 0 999
630 0 999
631 0 999
632 0 999
633 0 999
634 0 999
635 0 999
636 0 999
637 0 999
638 0 999
639 0 999
640 0 999
641 0 999
642 0 999
643 0 999
644 0 999
645 0 999
646 0 999
647 0 999
648 0 999
649 0 999
650 0 999
651 0 999
652 0 999
653 0 999
654 0 999
655 0 999
656 0 999
657 0 999
658 0 999
659 0 999
660 0 999
661 0 999
662 0 999
663 0 999
664 0 999
665 0 999
666 0 999
667 0 999
668 0 999
669 0 999
670 0 999
671 0 999
672 0 999
673 0 999
674 0 999
675 0 999
676 0 999
677 0 999
678 0 999
679 0 999
680 0 999
681 0 999
682 0 999
683 0 999
684 0 999
685 0 999
686 0 999
687 0 999
688 0 999
689 0 999
690 0 999
691 0 999
692 0 999
693 0 999
694 0 999
695 0 999
696 0 999
697 0 999
698 0 999
699 0 999
700 0 999
701 0 999
702 0 999
703 0 999
704 0 999
705 0 999
706 0 999
707 0 999
708 0 999
709 0 999
710 0 999
711 0 999
712 0 999
713 0 999
714 0 999
715 0 999
716 0 999
717 0 999
718 0 999
719 0 999
720 0 999
721 0 999
722 0 999
723 0 999
724 0 999
725 0 999
726 0 999
727 0 999
728 0 999
729 0 999
730 0 999
731 0 999
732 0 999
733 0 999
734 0 999
735 0 999
736 0 999
737 0 999
738 0 999
739 0 999
740 0 999
741 0 999
742 0 999
743 0 999
744 0 999
745 0 999
746 0 999
747 0 999
748 0 999
749 0 999
750 0 999
751 0 999
752 0 999
753 0 999
754 0 999
755 0 999
756 0 999
757 0 999
758 0 999
759 0 999
760 0 999
761 0 999
762 0 999
763 0 999
764 0 999
765 0 999
766 0 999
767 0 999
768 0 999
769 0 999
770 0 999
771 0 999
772 0 999
773 0 999
774 0 999
775 0 999
776 0 999
777 0 999
778 0 999
779 0 999
780 0 999
781 0 999
782 0 999
783 0 999
784 0 999
785 0 999
786 0 999
787 0 999
788 0 999
789 0 999
790 0 999
791 0 999
792 0 999
793 0 999
794 0 999
795 0 999
796 0 999
797 0 999
798 0 999
799 0 999
800 0 999
801 0 999
802 0 999
803 0 999
804 0 999
805 0 999
806 0 999
807 0 999
808 0 999
809 0 999
810 0 999
811 0 999
812 0 999
813 0 999
814 0 999
815 0 999
816 0 999
817 0 999
818 0 999
819 0 999
820 0 999
821 0 999
822 0 999
823 0 999
824 0 999
825 0 999
826 0 999
827 0 999
828 0 999
829 0 999
830 0 999
831 0 999
832 0 999
833 0 999
834 0 999
835 0 999
836 0 999
837 0 999
838 0 999
839 0 999
840 0 999
841 0 999
842 0 999
843 0 999
844 0 999
845 0 999
846 0 999
847 0 999
848 0 999
849 0 999
850 0 999
851 0 999
852 0 999
853 0 999
854 0 999
855 0 999
856 0 999
857 0 999
858 0 999
859 0 999
860 0 999
861 0 999
862 0 999
863 0 999
864 0 999
865 0 999
866 0 999
867 0 999
868 0 999
869 0 999
870 0 999
871 0 999
872 0 999
873 0 999
874 0 999
875 0 999
876 0 999
877 0 999
878 0 999
879 0 999
880 0 999
881 0 999
882 0 999
883 0 999
884 0 999
885 0 999
886 0 999
887 0 999
888 0 999
889 0 999
890 0 999
891 0 999
892 0 999
893 0 999
894 0 999
895 0 999
896 0 999
897 0 999
898 0 999
899 0 999
900 0 999
901 0 999
902 0 999
903 0 999
904 0 999
905 0 999
906 0 999
907 0 999
908 0 999
909 0 999
910 0 999
911 0 999
912 0 999
913 0 999
914 0 999
915 0 999
916 0 999
917 0 999
918 0 999
919 0 999
920 0 999
921 0 999
922 0 999
923 0 999
924 0 999
925 0 999
926 0 999
927 0 999
928 0 999
929 0 999
930 0 999
931 0 999
932 0 999
933 0 999
934 0 999
935 0 999
936 0 999
937 0 999
938 0 999
939 0 999
940 0 999
941 0 999
942 0 999
943 0 999
944 0 999
945 0 999
946 0 999
947 0 999
948 0 999
949 0 999
950 0 999
951 0 999
952 0 999
953 0 999
954 0 999
955 0 999
956 0 999
957 0 999
958 0 999
959 0 999
960 0 999
961 0 999
962 0 999
963 0 999
964 0 999
965 0 999
966 0 999
967 0 999
968 0 999
969 0 999
970 0 999
971 0 999
972 0 999
973 0 999
974 0 999
975 0 999
976 0 999
977 0 999
978 0 999
979 0 999
980 0 999
981 0 999
982 0 999
983 0 999
984 0 999
985 0 999
986 0 999
987 0 999
988 0 999
989 0 999
990 0 999
991 0 999
992 0 999
993 0 999
994 0 999
995 0 999
996 0 999
997 0 999
998 0 999
