32
3
Peach 9
Mario 10
Toad 5
2
Luigi-Circuit 60 3 10 14 59
Rainbow-Road 600 4 1 184 397 436
2
Mario 30
DonkeyKong 4
1
Yoshi-Circuit 200 2 194 14
2
a 29
b 30
2
floating-point 1 0
end-of-track 1 1 1
8
one 29
two 27
tre 25
for 23
fiv 19
six 17
svn 16
ate 13
4
lotta-nanners 1000 10 1 2 3 5 4 999 998 997 995 992
yes-we-have-no-bananas 80 0
shortest-course-no 1 0
shortest-course-one 1 1 1
4
slow-poke 1
copy-cat 1
speedy 5
almost 4
10
none 99 0
end 99 1 98
shorter 10 1 9
finish-line 10 1 10
take-over 110 1 5
nope 99 1 5
yep 101 1 5
two 100 2 5 99
unlucky 150 2 5 101
definately 201 3 20 80 100
2
a 13
b 14
2
a-wins 900 5 3 4 1 800 830
b-wins 1000 5 3 2 1 950 940
8
a 30
b 29
c 28
d 5
e 7
f 10
g 17
h 23
5
maybe 150 3 5 99 101
random 1000 10 45 703 492 123 543 234 650 34 699 992
another-a 1000 5 64 84 3 45 8
end-of-track 1000 10 991 992 993 994 995 996 997 998 999 1000
start-of-track 50 10 1 2 3 4 5 6 7 8 9 10
2
faster 30
slower 20
2
lots 1000 10 990 991 992 993 994 995 996 997 998 999
not-enough 1000 9 991 992 993 994 995 996 997 998 999
2
trifty 30
five 5
6
stalling 44 9 1 11 21 31 41 42 43 40 35
turtle-power 44 10 1 11 21 31 41 42 43 40 35 2
another-turtle 44 8 1 11 21 31 41 42 43 40
random 100 5 2 6 34 96 4
short-A 10 10 10 9 8 7 6 5 4 3 2 1
short-B 10 9 10 9 8 7 6 5 4 3 2
1
solo 1
3
simulation-timer 1000 10 1 2 3 4 5 6 7 8 9 10
short 1 0
banana 2 1 1
8
b 7
c 6
d 11
e 10
f 13
h 8
i 5
j 12
5
k 65 9 13 16 19 1 63 24 6 15 8
l 58 8 43 17 20 28 34 54 47 15
m 67 3 4 9 55
n 21 9 11 1 5 9 14 10 19 17 13
o 81 8 22 33 11 14 12 7 15 27
6
p 6
q 14
r 13
s 12
t 15
u 11
7
v 100 3 56 24 61
w 97 4 45 72 20 26
x 25 9 25 17 12 23 21 9 11 2 22
y 40 8 19 8 10 6 9 28 11 21
z 95 3 61 30 7
ab 69 3 58 40 68
bb 69 6 45 35 22 30 46 43
7
cb 7
db 9
eb 10
fb 8
gb 12
hb 13
ib 15
4
jb 93 6 91 92 59 53 48 24
kb 89 9 23 31 18 87 20 53 68 63 64
lb 97 6 26 5 41 34 67 40
mb 40 4 9 38 33 28
6
nb 6
ob 5
pb 11
qb 9
rb 7
sb 15
1
tb 77 5 38 76 45 21 16
8
ub 13
vb 6
wb 14
yb 5
zb 8
ac 10
bc 9
cc 11
3
dc 39 7 6 10 1 12 26 14 20
ec 61 8 13 53 20 4 56 39 14 36
fc 42 6 17 30 15 29 14 4
5
b 6
c 11
d 21
e 27
f 25
7
g 585 2 455 75
h 981 5 253 874 612 188 685
i 977 0
j 396 9 145 4 388 126 69 107 48 199 264
k 386 4 274 331 141 180
l 175 3 75 46 114
m 933 8 254 193 203 107 885 3 250 48
4
n 18
o 19
p 17
q 14
10
r 581 8 164 516 17 138 41 364 572 579
s 285 3 118 140 235
t 640 8 499 529 625 195 70 157 213 126
u 945 4 419 516 464 265
v 200 6 2 75 150 68 60 47
w 997 9 740 557 107 699 889 114 165 405 552
x 565 2 360 6
y 718 3 347 696 165
z 738 0
ab 699 5 492 450 287 540 425
8
bb 4
cb 27
db 14
eb 8
fb 8
gb 15
hb 8
ib 13
8
jb 207 3 58 38 166
kb 976 3 28 65 155
lb 310 1 63
mb 686 0
nb 998 6 967 311 884 168 430 361
ob 478 0
pb 853 1 223
qb 268 3 88 186 36
8
rb 1
sb 13
tb 10
ub 16
vb 8
wb 27
xb 25
yb 28
4
ac 179 3 77 27 101
bc 341 4 130 93 314 171
cc 613 6 80 491 3 145 151 166
dc 458 1 42
4
ec 25
fc 20
gc 7
hc 14
3
ic 463 5 225 435 39 445 344
jc 476 5 416 84 189 337 241
kc 406 4 33 263 203 225
8
b 18
c 5
d 13
e 17
f 8
h 28
i 6
j 3
2
k 251 1 42
g 100 3 63 24 6
6
l 10
m 22
n 6
o 15
p 21
q 11
5
r 139 5 45 23 138 96 19
s 288 5 76 243 107 198 184
t 121 3 50 19 11
u 185 3 9 130 59
v 233 5 3 91 73 60 29
8
b 3
c 21
d 29
e 25
f 28
g 22
h 8
i 10
8
j 531 5 197 20 415 147 141
k 748 6 423 221 456 237 424 618
l 828 7 666 41 510 449 321 603 304
m 772 4 440 727 678 316
n 127 6 100 16 15 76 9 84
o 774 10 392 294 202 360 239 35 757 72 253 273
p 591 0
q 902 8 284 476 643 217 340 754 321 564
6
r 4
s 2
t 15
u 16
v 14
w 3
7
x 794 0
y 944 0
z 578 4 378 112 430 155
ab 314 1 200
bb 778 5 98 506 256 624 596
cb 309 5 284 291 205 41 55
db 390 2 162 7
6
eb 26
fb 25
gb 12
hb 4
ib 18
jb 3
9
kb 114 10 54 82 51 53 49 106 47 33 8 96
lb 608 9 167 53 219 81 445 423 303 42 405
mb 675 8 234 528 544 253 210 507 141 59
nb 79 6 78 5 71 30 15 28
ob 364 8 339 364 287 145 297 168 210 148
pb 573 8 9 154 336 374 243 391 306 106
qb 689 3 629 76 553
rb 929 8 626 526 859 865 672 406 256 355
sb 971 8 406 52 37 713 502 877 916 85
8
tb 1
ub 9
vb 20
wb 16
xb 23
yb 15
zb 24
ac 30
8
bc 220 1 76
cc 84 6 65 19 57 77 24 28
dc 739 1 391
ec 575 8 306 359 331 169 444 17 416 102
fc 364 7 5 39 362 230 277 82 86
gc 967 9 433 376 722 370 877 383 721 260 620
hc 573 0
ic 317 7 311 35 108 22 42 148 162
4
jc 2
kc 4
lc 3
mc 1
8
nc 928 2 28 454
oc 584 0
pc 618 8 498 198 215 286 326 105 554 171
qc 668 3 121 30 117
rc 65 6 59 36 16 27 57 21
sc 440 2 313 349
tc 887 0
uc 560 7 460 541 444 75 487 107 237
4
vc 8
wc 6
xc 4
yc 21
10
zc 469 10 60 113 325 47 363 104 91 354 54 136
ad 583 2 540 158
bd 161 8 7 84 48 11 142 51 86 1
cd 988 5 802 591 458 391 259
dd 524 2 284 358
ed 116 2 42 2
fd 993 9 505 613 164 615 2 457 982 717 722
gd 253 5 104 170 178 58 41
hd 851 10 501 559 367 28 179 72 93 150 304 126
id 971 7 66 605 297 253 186 371 574
1
jd 10
7
kd 877 9 747 744 442 796 526 417 737 517 17
ld 373 1 9
md 955 5 267 843 36 92 183
nd 653 9 563 341 388 107 608 28 617 411 426
od 592 6 370 280 520 324 55 192
pd 690 9 289 198 362 246 111 136 79 509 137
qd 258 0
3
rd 12
sd 8
td 27
3
ud 476 5 291 112 281 215 426
vd 285 1 41
wd 79 8 39 65 56 13 15 33 28 9
1
xd 25
3
yd 550 5 211 324 28 475 365
zd 51 6 10 42 16 20 1 34
ae 475 2 340 237
6
be 17
ce 20
de 6
ee 23
fe 4
ge 30
8
he 549 0
ie 471 10 74 419 233 406 113 185 317 89 107 21
je 93 5 91 78 9 49 21
ke 116 8 79 58 10 16 111 30 38 54
le 749 2 589 378
me 824 2 66 424
ne 362 3 82 190 343
oe 512 3 83 15 391
