8
10
1.20
3.20
1.10
0.67
500.00
3.00
4.56
8.75
43.23
3.56
4
1.34
1.23
1.44
1.22
250
281.50
201.52
67.07
150.05
390.93
441.15
288.52
139.76
341.44
368.56
475.81
231.98
11.70
334.86
346.61
279.85
6.13
144.51
96.30
335.97
377.28
20.67
467.24
5.19
215.05
452.28
224.02
207.64
205.03
67.52
413.83
165.93
425.21
411.20
496.47
264.70
19.45
64.53
87.55
343.43
459.23
435.09
170.00
474.02
380.94
261.95
193.87
343.72
464.86
426.36
2.85
10.71
4.37
31.89
496.71
24.82
198.91
419.79
363.36
209.23
292.81
314.72
91.83
280.15
473.44
154.41
307.60
441.03
436.89
342.32
255.99
125.49
227.08
177.03
495.53
178.77
355.07
54.02
53.64
461.54
309.41
205.96
439.81
131.59
375.35
246.44
7.65
209.43
191.28
108.33
206.51
461.46
183.67
123.04
265.93
141.52
438.92
469.72
311.62
215.19
189.47
34.56
320.30
354.64
414.84
359.40
182.80
231.96
83.82
326.27
459.50
458.06
293.21
19.82
180.31
411.11
490.44
333.09
262.83
173.54
102.90
333.88
296.25
349.95
235.04
188.60
66.18
169.59
135.75
48.44
276.45
486.38
383.37
238.90
456.90
77.38
183.20
357.54
33.90
6.00
323.39
477.42
479.39
260.33
189.11
73.99
348.04
398.67
291.90
41.60
357.85
34.91
31.56
242.73
468.95
174.01
371.06
437.54
167.98
164.72
271.68
174.49
370.66
370.86
105.17
283.62
14.18
75.15
332.26
3.35
22.64
120.31
13.14
489.01
393.84
361.01
194.10
496.52
173.66
147.15
396.97
408.28
55.59
284.22
323.04
470.15
267.18
219.43
471.71
137.87
282.81
83.97
165.43
289.40
232.34
180.97
467.24
245.70
159.42
46.48
175.01
56.44
19.72
326.50
477.21
349.72
499.23
406.78
459.15
214.89
376.13
4.36
455.75
86.57
245.74
279.64
257.19
424.16
477.29
456.25
387.00
136.26
273.96
442.00
88.90
182.21
162.88
29.12
278.15
93.91
150.82
414.12
35.91
300.37
142.79
18.69
251.24
104.66
35.93
411.73
243.97
458.46
169.02
29.55
134.15
302.60
29.24
366.49
358.95
194.13
100
0.03
0.02
0.02
0.02
0.02
0.02
0.02
0.02
0.02
0.02
0.02
0.02
0.02
0.02
0.02
0.02
0.02
0.02
0.02
0.02
0.02
0.02
0.02
0.02
0.02
0.02
0.02
0.02
0.02
0.02
0.02
0.02
0.02
0.02
0.02
0.02
0.02
0.02
0.02
0.02
0.02
0.02
0.02
0.02
0.02
0.02
0.02
0.02
0.02
0.02
0.02
0.02
0.02
0.02
0.02
0.02
0.02
0.02
0.02
0.02
0.02
0.02
0.02
0.02
0.02
0.02
0.02
0.02
0.02
0.02
0.02
0.02
0.02
0.02
0.02
0.02
0.02
0.02
0.02
0.02
0.02
0.02
0.02
0.02
0.02
0.02
0.02
0.02
0.02
0.02
0.02
0.02
0.02
0.02
0.02
0.02
0.02
0.02
0.02
0.02
27
0.10
0.11
0.12
0.13
0.14
0.15
0.16
0.17
0.18
0.19
0.20
0.21
0.22
0.23
0.24
0.25
0.26
0.27
0.28
0.29
0.30
0.31
0.32
0.33
0.34
0.35
0.36
30
292.00
361.46
76.08
219.87
397.23
336.91
234.54
304.45
445.88
56.80
338.10
456.88
234.42
257.13
374.41
263.77
231.56
500.00
33.98
29.74
241.62
95.72
196.78
385.90
391.90
34.94
221.75
435.74
427.73
121.88
167
84.52
98.02
366.81
371.45
103.15
166.68
101.15
307.58
210.05
290.97
288.58
359.31
16.13
166.10
368.04
33.47
66.60
447.87
86.43
263.95
430.92
29.42
347.74
259.15
337.63
266.68
252.21
364.76
224.18
218.09
224.31
131.78
273.59
388.62
431.54
368.10
39.67
345.36
77.39
243.34
120.28
402.66
111.12
11.45
24.17
358.56
434.99
113.11
391.31
0.85
304.89
321.14
68.58
291.21
314.35
195.72
213.27
278.93
123.99
423.91
95.50
391.82
448.31
127.55
97.03
301.28
240.13
437.67
58.96
60.99
19.38
49.49
113.72
174.21
377.15
92.01
447.54
153.28
348.83
468.98
79.04
496.94
90.67
353.64
206.82
325.75
112.99
249.03
474.10
184.28
220.39
457.33
122.25
239.61
284.09
437.37
456.70
280.21
25.05
367.62
328.27
46.71
117.87
273.37
441.20
6.42
134.52
321.77
234.90
217.48
135.27
335.80
350.79
415.04
79.09
229.30
287.78
391.99
170.41
419.28
270.46
139.72
280.48
328.51
102.48
60.73
182.13
352.21
354.31
364.03
14.54
125.36
139.42
6.81
151.43
94.24
465.70
251.55
480.16
265.16
210.11
66.12
11.98
76.00
153.65
206.62
234.48
112.41
230.92
387.24
186.00
369.12
194.21
459.95
378.81
439.19
265.32
497.56
422.85
399.33
50.12
98.29
5.32
247.45
20.63
107.43
262.40
20
227.32
282.11
39.11
375.68
90.23
208.86
70.76
53.20
131.95
20.74
235.42
165.33
357.40
150.41
220.24
453.45
156.20
498.70
216.89
87.26
