22
3
15 5
15 10
5 5
2
30 20
30 20
3
350 10
340 10
330 10
2
10 10
5 5
2
359 1
1 359
5
180 180
180 180
180 180
180 180
180 180
3
359 359
359 359
358 1
2
1 1
2 2
10
1 1
2 2
3 3
4 4
5 5
6 6
7 7
8 8
9 9
10 10
10
1 1
1 1
1 1
1 1
1 1
1 1
1 1
1 1
1 1
1 1
10
359 1
358 2
357 3
356 4
355 5
354 6
353 7
352 8
351 9
350 10
10
10 350
9 351
8 352
7 353
6 354
5 355
4 356
3 357
2 358
1 359
9
16 5
32 22
23 32
22 11
293 22
211 22
332 24
239 20
201 23
8
32 44
29 21
43 22
19 48
28 99
21 19
32 29
80 40
7
22 29
3 19
2 49
29 11
11 29
34 53
29 33
6
20 19
9 29
29 11
2 34
5 33
2 42
5
39 29
11 85
33 21
22 44
23 56
4
2 5
5 9
2 5
5 8
3
11 22
22 44
44 88
5
99 1
98 1
97 1
96 1
95 1
2
1 359
1 359
4
90 10
80 10
70 10
60 10