12
3
 0 -1  0
-1  0  0
 0  0  0
5
 0 -1  0 27 -1
-1  0 -1 -1  0
 0 -1  0 -1 15
27 -1 -1  0  0
-1  0 15  0  0
2
 0 -1
-1  0
2
 0  3
 3  0
2
 0  0
 0  0
10
 0 -1 -1 -1 -1 -1 -1 -1  0 23
-1  0 24 -1 -1 26 -1 -1 -1 -1
-1 24  0 -1 -1 -1 -1  0 -1 -1
-1 -1 -1  0 -1 -1 -1 -1 -1 -1
-1 -1 -1 -1  0 -1 -1 -1 -1 -1
-1 26 -1 -1 -1  0 -1 -1 -1 -1
-1 -1 -1 -1 -1 -1  0 -1 -1 -1
-1 -1  0 -1 -1 -1 -1  0  0 -1
 0 -1 -1 -1 -1 -1 -1  0  0 -1
23 -1 -1 -1 -1 -1 -1 -1 -1  0
10
 0 -1 -1 -1 -1 -1 -1 -1  0 23
-1  0 24 -1 -1  0 -1 -1 -1 -1
-1 24  0  0 -1 -1 -1  0 -1 -1
-1 -1  0  0  0 -1 -1 -1 -1 -1
-1 -1 -1  0  0 -1  0 -1 29 -1
-1  0 -1 -1 -1  0  0 -1 -1 -1
-1 -1 -1 -1  0  0  0 -1 -1 -1
-1 -1  0 -1 -1 -1 -1  0  0 -1
 0 -1 -1 -1 29 -1 -1  0  0 -1
23 -1 -1 -1 -1 -1 -1 -1 -1  0
5
 0 23 25 27 499
23  0 43 121 32
25 43  0 15 15
27 121 15  0  7
499 32 15  7  0
6
 0 -1 -1 -1 -1 -1
-1  0 -1 -1 -1 -1
-1 -1  0  0  0  0
-1 -1  0  0  0  0
-1 -1  0  0  0  0
-1 -1  0  0  0  0
4
 0 -1 -1  0
-1  0  0  0
-1  0  0 34
 0  0 34  0
6
 0 -1  0  0 -1  5
-1  0  7  6  0  0
 0  7  0  6  6  6
 0  6  6  0  0  6
-1  0  6  0  0  5
 5  0  6  6  5  0
6
 0 -1  0  0 -1  5
-1  0  7  6  0  0
 0  7  0  6  6  6
 0  6  6  0  7  6
-1  0  6  7  0  5
 5  0  6  6  5  0
