800
100 10
1750 2050
2000000000 1
1 2000000000
1 1
2 2
7162 12104
16711 16516
14275 27628
13447 24374
28295 17549
13125 7844
16965 21153
28019 1844
7164 19246
8097 4990
13030 11561
23158 20172
15248 23737
25588 20128
17664 19039
15902 1813
26817 6566
6280 27275
14112 6417
20007 29836
19187 23220
27170 2623
26512 22537
29030 11995
15483 29981
25312 11011
7107 10342
10092 17961
18007 23715
3158 11960
14660 27493
4543 21872
27788 7120
20477 26149
28411 14758
19240 9843
23406 13450
5288 20739
9419 24954
29639 9579
19675 12254
23793 19446
18602 2729
3423 26751
4265 5134
6753 20754
28342 12937
10873 277
7858 28063
7282 5171
1963 22897
15691 16152
921 24269
2500 19930
12937 1295
27487 6988
7672 9232
29029 7022
3148 24014
14640 1898
25347 26789
9781 7973
17040 24661
3752 18884
4325 2893
16996 6252
16005 5056
19391 19373
2226 1042
13997 25720
4829 28481
5346 22044
2543 10895
15625 1005
9539 15923
26103 606
5918 29108
24801 23214
23491 3132
4745 7667
19619 28911
10202 11869
16027 23723
1002 14340
28336 22445
17479 1480
15539 21127
643 12750
6856 7387
4006 18634
16284 19648
24938 6064
12715 16883
14607 3018
5770 12405
26393 28223
14414 19317
3223 23262
27071 21432
4465 13002
18276 21940
22981 26003
17879 12706
2477 29550
14546 19865
14633 14071
15659 16390
14438 29071
20796 9488
20814 27196
5718 35
17986 24782
28246 22813
11082 26126
16536 10055
27146 14794
24070 26746
10215 28569
24201 24209
6143 15083
280 18850
29708 12842
15263 15390
2955 7173
17275 28609
29937 12639
24866 14489
28831 2706
7629 10699
27961 23803
4480 27591
27483 14527
3230 14318
23400 11514
11075 304
15156 1439
6322 73
22381 13781
17063 29472
297 11288
22561 3464
26983 14644
27868 10055
19028 4503
1668 1476
15159 17978
1423 12446
131 17761
8751 16321
3597 10297
1467 23006
20768 14917
26895 7829
23465 18470
3956 28077
21628 9841
29104 13531
26525 25728
13425 19261
7737 3324
5174 12945
16553 26870
13647 15229
28610 3692
26596 20103
18541 1072
4421 22832
18990 18275
20053 15824
15639 8189
23814 17798
8861 391
7630 28771
21295 21946
2713 2781
18953 13976
19283 21804
11553 20927
26005 28031
15450 15528
689 27668
19979 25753
22230 7466
5119 10494
17041 25525
15161 18353
11043 10423
29556 28768
10884 17353
28262 16712
5315 6850
4775 1426
29564 20750
15566 16018
22217 1216
19839 18374
15405 2156
28500 24584
5118 27921
5751 14028
29161 22009
11075 10459
5629 28467
3316 5696
14868 878
22219 2117
22640 28175
16181 6804
21643 23081
7950 24128
12677 17711
2770 4611
5559 1812
25871 6204
23417 2202
28309 9560
22139 27315
1921 21526
19698 28211
5682 10931
7583 27106
26866 17745
28860 6348
21295 10913
4313 14788
17479 11550
9753 24787
29684 16774
13900 21464
4872 15222
27243 26466
18063 28263
17987 11291
9942 21045
1564 10238
9534 4887
25271 177
3394 16992
19334 3756
1160 15230
10149 4162
5295 14579
10593 23348
620 27939
6095 21497
26626 17280
3678 3684
2649 11548
24372 19946
12797 15414
17282 17474
23983 27769
16150 28339
16570 10889
6533 2996
23012 10418
13625 18892
25372 22704
17425 24723
17861 9599
23225 24326
15438 1622
21442 29807
4093 8327
1481 11295
2765 9888
19703 20718
768 16205
11659 29168
18319 9412
23471 11787
21049 12326
6729 20661
2474 19305
5360 14945
11080 7047
11771 8372
11125 1164
13076 7423
18334 19766
16382 28716
23457 8016
15026 21687
18156 17372
5195 2298
28809 308
14633 25378
4702 15500
22078 7249
27612 29840
17695 16545
29983 12256
21107 19539
8853 62
14614 16923
2239 1540
14892 21792
4026 18593
26847 13547
22335 20632
18356 9644
25035 25408
4402 26466
4408 14183
13533 2133
1005 27547
28718 7836
4463 24260
18490 20181
16467 28779
22768 5161
18132 23590
20946 4667
20873 10095
7719 8954
26310 6663
24681 13124
16904 24450
2985 22603
24882 828
14314 21584
2540 26629
24007 29700
22240 27034
11549 15587
29331 26654
9599 21615
25811 17377
13454 11890
26857 22627
28198 15588
16303 4085
886 19887
10818 16394
9843 1112
5887 2095
2616 19268
9727 2952
28235 29876
14010 4877
28275 7947
12656 11974
4700 12055
12071 10642
20674 1769
8005 17364
23399 19194
15646 3595
15610 25034
10757 18240
24618 11495
504 2368
14724 18347
13161 2238
20472 14747
16092 25293
14514 17831
11336 19534
4869 9696
7725 9659
12072 7219
27722 3497
27048 4114
6181 29596
25652 21846
26864 1350
5560 15349
909 24749
25628 11074
19482 15756
6990 28626
20572 29368
8953 23161
27286 15714
11290 3869
22127 8988
7691 24109
8495 22674
23036 11329
7151 9330
9713 19508
1529 5262
15456 13778
11637 9573
17138 15901
1830 13519
11559 20544
12953 19654
25614 25690
24269 1042
14209 26177
15190 8738
15012 27118
1108 20944
14468 23994
11605 9505
19632 8332
12975 19012
15057 2300
10362 410
23500 22068
7808 14974
13260 18538
17298 15551
3843 4971
234 265
15115 4159
26911 9317
3323 23078
11348 28201
10222 10474
20283 431
29132 22482
6338 19950
24007 23267
6159 7569
4511 1712
4938 17197
11779 11437
28881 16185
5799 29836
7151 29916
26412 12454
14391 13689
5585 21827
14212 15128
18994 4882
23025 17645
58 200
12252 20059
19266 15769
15285 29110
26133 19460
3623 20587
10212 18150
14326 789
1445 17367
28342 13383
18602 21460
26357 7133
17791 14557
5621 27636
20857 15119
17657 1048
16114 11529
12936 29773
21047 3053
14441 19343
28611 19533
7602 2057
5372 14449
9263 26585
21040 9375
13317 3477
24961 13499
25182 4493
25838 19668
1626 28815
6312 28405
6395 1530
4110 13539
25775 29298
6232 17430
21554 14838
22084 10343
1914 15731
15586 17265
13467 4168
15126 6371
10107 22502
13714 16477
16408 14941
9891 16109
15115 18370
22840 24322
29736 5105
2695 3051
14404 7427
9311 2691
4038 27930
19705 16593
8351 1133
26000 26464
13507 20379
22021 19040
5099 29818
7717 25045
5768 14226
16243 4238
10027 9567
18953 25347
27858 4541
18601 26861
17296 7858
1386655509 1
1601048854 1
304779169 6
514816508 3
550200563 3
591899143 3
1894892568 1
1258791846 1
92167473 21
276266412 7
859510569 2
579536975 3
853880084 2
481317581 4
691216602 2
1127865075 1
108875300 18
1284295329 1
1580368231 1
962268485 2
1779059286 1
944067787 2
870439579 2
911923062 2
1716715169 1
326157249 6
634299461 3
1232640619 1
692315165 2
1297626945 1
922511240 2
201093523 9
878482243 2
359221093 5
291381670 6
1239902371 1
1083335046 1
1385668505 1
1587626331 1
925942192 2
1761843152 1
761076753 2
648159806 3
1806489312 1
921706898 2
424858023 4
567659959 3
1332595333 1
440670166 4
1384644325 1
493195286 4
1416341943 1
1025062530 1
106165902 18
1524345966 1
128394321 15
1064758876 1
856080551 2
1228889494 1
1874537414 1
1977635717 1
552259103 3
528261299 3
1024645130 1
286992323 6
967046509 2
263644252 7
414797132 4
638297859 3
232534563 8
1622677951 1
403024930 4
237013830 8
1512897381 1
788421782 2
231433100 8
1777133703 1
1437356481 1
1666346300 1
1332208500 1
830471151 2
428358023 4
1351766163 1
1912294919 1
879619362 2
1413060483 1
1119271066 1
1661276691 1
702894443 2
572246202 3
1147349641 1
749280530 2
657466056 3
1759286686 1
1935543109 1
416469882 4
557270583 3
1012806207 1
1428105733 1
1402972768 1
305190391 6
1190204563 1
227289501 8
1227848375 1
1214375967 1
1165215401 1
1961011687 1
1897964528 1
1041475609 1
1261191642 1
1863804018 1
12422808 160
1154931016 1
632826011 3
1936582881 1
1425434714 1
1974384782 1
1162529123 1
1669921061 1
640316536 3
842638335 2
103704833 19
1247141537 1
929537892 2
829489292 2
181676225 11
1387694978 1
810522858 2
1617166794 1
1154033222 1
547922629 3
1954169746 1
579974937 3
935686559 2
65447853 30
862819569 2
1446145036 1
1309930115 1
1015078910 1
1726671012 1
1517787613 1
975328156 2
1038247655 1
752402930 2
325225764 6
1219260062 1
1214647958 1
955032670 2
804882291 2
862470540 2
163879772 12
913804227 2
615284006 3
1284989563 1
996543764 2
1315164122 1
43636224 45
1322300588 1
478374034 4
1240650905 1
105811813 18
1611653271 1
827634916 2
104787771 19
1905490289 1
571930042 3
935150134 2
907834818 2
93571370 21
1616493602 1
1477972585 1
40521940 49
1356880158 1
1426957207 1
1391843437 1
262650367 7
1265569810 1
156834954 12
1474230178 1
674714654 2
1521519849 1
287545290 6
508874090 3
511464686 3
675417501 2
1525256608 1
234417430 8
408590974 4
718100715 2
605579581 3
1723821972 1
1428483002 1
1602132788 1
1164125401 1
1297931452 1
578276567 3
1712467436 1
1934466689 1
965669437 2
1813170449 1
580455588 3
1451051396 1
565007258 3
1590259191 1
723334600 2
163137294 12
272974908 7
1922894326 1
391731969 5
406829032 4
959630011 2
1582851634 1
220605416 9
1035816136 1
1980039751 1
1607348236 1
304432894 6
677425998 2
1429971902 1
590218112 3
55355647 36
1559120528 1
635130725 3
371321172 5
1353368975 1
641582401 3
700415809 2
1685526163 1
1960545134 1
398050793 5
314820384 6
92373271 21
946664215 2
1995583110 1
689228448 2
1079787717 1
961519101 2
862434843 2
1498508605 1
1619982186 1
1589550881 1
666764858 2
1005945336 1
1652950535 1
1735362393 1
585389138 3
167186753 11
982720977 2
1014048150 1
407322018 4
442530280 4
893803530 2
458168365 4
495358969 4
290507839 6
1430030827 1
1503587338 1
919971732 2
1872371709 1
725257813 2
1179285503 1
183300058 10
1366224908 1
35151375 56
701645548 2
867042916 2
1471178392 1
1191566377 1
261604147 7
1266564644 1
1176059737 1
85770298 23
693450712 2
614549822 3
1673837234 1
484044562 4
926945596 2
851053853 2
422065115 4
988955502 2
649820664 3
62813912 31
1781295326 1
281854438 7
445616293 4
1693199257 1
407542394 4
1916931728 1
822198172 2
1415195835 1
631528821 3
1884414469 1
1009189704 1
163336134 12
1426577565 1
1920264587 1
177944926 11
1236500369 1
248661560 8
1111998265 1
