5
5 4 3 2 1
3
1 2 3
6
1 7 3 2 9 8
1
100000
2
100000 1
2
1 100000
50
1 2 3 4 5 6 7 8 9 10 11 12 13 14 15 16 17 18 19 20 21 22 23 24 25 26 27 28 29 30 31 32 33 34 35 36 37 38 39 40 41 42 43 44 45 46 47 48 49 50
50
50 49 48 47 46 45 44 43 42 41 40 39 38 37 36 35 34 33 32 31 30 29 28 27 26 25 24 23 22 21 20 19 18 17 16 15 14 13 12 11 10 9 8 7 6 5 4 3 2 1
50
19 25 21 13 9 18 36 48 3 45 31 17 22 14 20 24 8 29 23 16 1 37 4 39 46 33 35 50 15 10 30 44 2 34 28 6 32 27 5 12 47 43 49 26 38 42 40 7 41 11
500
1 2 3 4 5 6 7 8 9 10 11 12 13 14 15 16 17 18 19 20 21 22 23 24 25 26 27 28 29 30 31 32 33 34 35 36 37 38 39 40 41 42 43 44 45 46 47 48 49 50 51 52 53 54 55 56 57 58 59 60 61 62 63 64 65 66 67 68 69 70 71 72 73 74 75 76 77 78 79 80 81 82 83 84 85 86 87 88 89 90 91 92 93 94 95 96 97 98 99 100 101 102 103 104 105 106 107 108 109 110 111 112 113 114 115 116 117 118 119 120 121 122 123 124 125 126 127 128 129 130 131 132 133 134 135 136 137 138 139 140 141 142 143 144 145 146 147 148 149 150 151 152 153 154 155 156 157 158 159 160 161 162 163 164 165 166 167 168 169 170 171 172 173 174 175 176 177 178 179 180 181 182 183 184 185 186 187 188 189 190 191 192 193 194 195 196 197 198 199 200 201 202 203 204 205 206 207 208 209 210 211 212 213 214 215 216 217 218 219 220 221 222 223 224 225 226 227 228 229 230 231 232 233 234 235 236 237 238 239 240 241 242 243 244 245 246 247 248 249 250 251 252 253 254 255 256 257 258 259 260 261 262 263 264 265 266 267 268 269 270 271 272 273 274 275 276 277 278 279 280 281 282 283 284 285 286 287 288 289 290 291 292 293 294 295 296 297 298 299 300 301 302 303 304 305 306 307 308 309 310 311 312 313 314 315 316 317 318 319 320 321 322 323 324 325 326 327 328 329 330 331 332 333 334 335 336 337 338 339 340 341 342 343 344 345 346 347 348 349 350 351 352 353 354 355 356 357 358 359 360 361 362 363 364 365 366 367 368 369 370 371 372 373 374 375 376 377 378 379 380 381 382 383 384 385 386 387 388 389 390 391 392 393 394 395 396 397 398 399 400 401 402 403 404 405 406 407 408 409 410 411 412 413 414 415 416 417 418 419 420 421 422 423 424 425 426 427 428 429 430 431 432 433 434 435 436 437 438 439 440 441 442 443 444 445 446 447 448 449 450 451 452 453 454 455 456 457 458 459 460 461 462 463 464 465 466 467 468 469 470 471 472 473 474 475 476 477 478 479 480 481 482 483 484 485 486 487 488 489 490 491 492 493 494 495 496 497 498 499 500
500
500 499 498 497 496 495 494 493 492 491 490 489 488 487 486 485 484 483 482 481 480 479 478 477 476 475 474 473 472 471 470 469 468 467 466 465 464 463 462 461 460 459 458 457 456 455 454 453 452 451 450 449 448 447 446 445 444 443 442 441 440 439 438 437 436 435 434 433 432 431 430 429 428 427 426 425 424 423 422 421 420 419 418 417 416 415 414 413 412 411 410 409 408 407 406 405 404 403 402 401 400 399 398 397 396 395 394 393 392 391 390 389 388 387 386 385 384 383 382 381 380 379 378 377 376 375 374 373 372 371 370 369 368 367 366 365 364 363 362 361 360 359 358 357 356 355 354 353 352 351 350 349 348 347 346 345 344 343 342 341 340 339 338 337 336 335 334 333 332 331 330 329 328 327 326 325 324 323 322 321 320 319 318 317 316 315 314 313 312 311 310 309 308 307 306 305 304 303 302 301 300 299 298 297 296 295 294 293 292 291 290 289 288 287 286 285 284 283 282 281 280 279 278 277 276 275 274 273 272 271 270 269 268 267 266 265 264 263 262 261 260 259 258 257 256 255 254 253 252 251 250 249 248 247 246 245 244 243 242 241 240 239 238 237 236 235 234 233 232 231 230 229 228 227 226 225 224 223 222 221 220 219 218 217 216 215 214 213 212 211 210 209 208 207 206 205 204 203 202 201 200 199 198 197 196 195 194 193 192 191 190 189 188 187 186 185 184 183 182 181 180 179 178 177 176 175 174 173 172 171 170 169 168 167 166 165 164 163 162 161 160 159 158 157 156 155 154 153 152 151 150 149 148 147 146 145 144 143 142 141 140 139 138 137 136 135 134 133 132 131 130 129 128 127 126 125 124 123 122 121 120 119 118 117 116 115 114 113 112 111 110 109 108 107 106 105 104 103 102 101 100 99 98 97 96 95 94 93 92 91 90 89 88 87 86 85 84 83 82 81 80 79 78 77 76 75 74 73 72 71 70 69 68 67 66 65 64 63 62 61 60 59 58 57 56 55 54 53 52 51 50 49 48 47 46 45 44 43 42 41 40 39 38 37 36 35 34 33 32 31 30 29 28 27 26 25 24 23 22 21 20 19 18 17 16 15 14 13 12 11 10 9 8 7 6 5 4 3 2 1
500
347 411 264 488 438 494 433 355 222 486 402 53 161 73 479 300 461 382 303 235 446 376 407 360 76 45 334 156 103 66 62 186 414 364 434 89 12 332 294 219 403 313 291 196 220 170 54 263 249 348 108 224 200 377 419 189 145 415 281 124 459 483 329 182 239 251 475 436 266 110 357 25 349 181 448 275 223 363 405 451 52 469 210 23 77 393 394 370 58 208 453 248 112 468 87 432 437 319 480 279 255 365 102 106 416 470 157 296 258 195 500 164 149 371 270 413 63 125 236 71 265 79 129 323 318 2 199 390 228 24 122 306 297 435 389 233 424 107 423 335 467 354 176 457 147 155 301 295 197 153 42 325 41 214 311 7 430 397 92 441 259 88 51 99 387 316 491 367 440 465 140 35 105 286 268 100 37 130 267 232 339 250 226 322 132 163 439 342 472 231 146 293 95 466 32 495 333 211 198 473 327 109 69 10 68 15 309 496 476 278 341 381 85 126 183 142 84 48 221 428 165 98 3 244 206 346 391 47 6 366 478 190 431 305 17 36 380 75 302 33 167 498 80 229 96 410 375 429 81 487 13 90 283 321 442 160 64 284 135 203 175 404 173 141 177 409 127 31 46 499 344 445 152 113 242 82 359 372 56 205 455 50 67 374 34 225 481 74 120 324 213 158 16 384 188 285 320 101 169 477 298 246 328 131 450 482 456 314 57 392 395 187 227 39 61 338 396 94 299 343 104 180 143 115 269 312 26 449 86 385 192 20 240 171 412 11 44 408 254 361 202 290 72 369 19 273 462 215 356 245 406 166 193 271 261 137 368 4 174 134 194 336 353 27 331 14 238 345 114 121 425 252 212 317 340 78 260 18 330 362 93 452 162 262 443 49 315 386 289 148 111 484 118 123 490 337 144 184 292 351 234 97 1 379 150 277 383 447 241 326 128 418 308 151 185 400 247 493 207 70 28 159 168 280 485 272 21 243 65 288 218 29 458 204 138 422 307 350 471 5 201 59 426 9 117 43 55 256 358 237 399 373 133 378 8 253 489 22 460 40 497 30 421 282 444 401 388 179 398 257 91 417 60 172 139 420 310 287 136 230 116 209 474 276 463 216 83 38 119 427 191 217 304 154 464 352 454 178 492 274
500
1000000004 1000000021 1000000200 1000000429 1000000316 1000000291 1000000082 1000000417 1000000353 1000000282 1000000314 1000000276 1000000311 1000000115 1000000181 1000000242 1000000404 1000000384 1000000206 1000000482 1000000158 1000000328 1000000285 1000000489 1000000364 1000000394 1000000213 1000000398 1000000031 1000000254 1000000173 1000000368 1000000153 1000000006 1000000315 1000000151 1000000289 1000000332 1000000109 1000000325 1000000079 1000000110 1000000448 1000000135 1000000072 1000000119 1000000225 1000000234 1000000191 1000000102 1000000201 1000000412 1000000269 1000000319 1000000229 1000000134 1000000456 1000000026 1000000128 1000000237 1000000488 1000000198 1000000224 1000000161 1000000411 1000000126 1000000421 1000000251 1000000286 1000000460 1000000290 1000000414 1000000185 1000000486 1000000136 1000000137 1000000148 1000000060 1000000160 1000000495 1000000094 1000000343 1000000070 1000000386 1000000427 1000000057 1000000387 1000000399 1000000318 1000000283 1000000452 1000000455 1000000051 1000000443 1000000377 1000000169 1000000049 1000000266 1000000193 1000000292 1000000066 1000000309 1000000492 1000000149 1000000013 1000000157 1000000116 1000000067 1000000003 1000000101 1000000140 1000000044 1000000159 1000000196 1000000494 1000000129 1000000335 1000000297 1000000124 1000000312 1000000480 1000000284 1000000477 1000000088 1000000047 1000000496 1000000071 1000000118 1000000240 1000000005 1000000334 1000000244 1000000320 1000000061 1000000180 1000000091 1000000469 1000000145 1000000462 1000000207 1000000108 1000000002 1000000233 1000000012 1000000473 1000000441 1000000345 1000000028 1000000114 1000000491 1000000253 1000000371 1000000296 1000000397 1000000326 1000000131 1000000475 1000000322 1000000041 1000000302 1000000022 1000000426 1000000391 1000000485 1000000313 1000000241 1000000393 1000000420 1000000179 1000000165 1000000401 1000000187 1000000150 1000000257 1000000428 1000000358 1000000035 1000000048 1000000406 1000000476 1000000037 1000000303 1000000123 1000000120 1000000281 1000000351 1000000221 1000000050 1000000203 1000000370 1000000493 1000000425 1000000007 1000000306 1000000407 1000000132 1000000392 1000000085 1000000342 1000000270 1000000155 1000000471 1000000365 1000000186 1000000451 1000000138 1000000490 1000000184 1000000355 1000000468 1000000122 1000000278 1000000168 1000000294 1000000445 1000000217 1000000152 1000000046 1000000258 1000000395 1000000017 1000000243 1000000338 1000000357 1000000259 1000000329 1000000236 1000000062 1000000219 1000000178 1000000295 1000000307 1000000344 1000000419 1000000214 1000000096 1000000205 1000000444 1000000248 1000000435 1000000474 1000000084 1000000481 1000000260 1000000479 1000000467 1000000349 1000000154 1000000080 1000000246 1000000413 1000000288 1000000373 1000000009 1000000016 1000000363 1000000052 1000000436 1000000222 1000000232 1000000087 1000000396 1000000063 1000000388 1000000450 1000000299 1000000430 1000000098 1000000390 1000000423 1000000458 1000000075 1000000405 1000000142 1000000497 1000000019 1000000226 1000000499 1000000487 1000000218 1000000400 1000000310 1000000100 1000000089 1000000464 1000000247 1000000010 1000000166 1000000208 1000000230 1000000249 1000000190 1000000156 1000000346 1000000073 1000000211 1000000202 1000000498 1000000352 1000000111 1000000033 1000000434 1000000130 1000000015 1000000336 1000000092 1000000409 1000000385 1000000381 1000000437 1000000029 1000000410 1000000449 1000000267 1000000042 1000000277 1000000077 1000000380 1000000034 1000000331 1000000228 1000000255 1000000069 1000000327 1000000117 1000000058 1000000280 1000000174 1000000024 1000000348 1000000446 1000000321 1000000020 1000000379 1000000466 1000000250 1000000484 1000000199 1000000354 1000000227 1000000176 1000000433 1000000040 1000000408 1000000500 1000000147 1000000170 1000000183 1000000074 1000000378 1000000366 1000000350 1000000212 1000000478 1000000106 1000000113 1000000097 1000000182 1000000360 1000000011 1000000339 1000000293 1000000461 1000000362 1000000372 1000000440 1000000055 1000000268 1000000194 1000000279 1000000018 1000000402 1000000008 1000000043 1000000272 1000000383 1000000220 1000000086 1000000144 1000000107 1000000324 1000000105 1000000188 1000000053 1000000215 1000000261 1000000171 1000000359 1000000330 1000000415 1000000231 1000000104 1000000323 1000000340 1000000162 1000000367 1000000078 1000000030 1000000103 1000000223 1000000081 1000000025 1000000382 1000000204 1000000141 1000000139 1000000341 1000000465 1000000454 1000000164 1000000369 1000000432 1000000195 1000000121 1000000112 1000000054 1000000238 1000000463 1000000438 1000000422 1000000059 1000000210 1000000093 1000000308 1000000036 1000000039 1000000447 1000000374 1000000389 1000000263 1000000347 1000000197 1000000099 1000000264 1000000056 1000000068 1000000301 1000000175 1000000439 1000000014 1000000483 1000000239 1000000125 1000000216 1000000127 1000000032 1000000274 1000000457 1000000172 1000000442 1000000133 1000000189 1000000065 1000000076 1000000337 1000000333 1000000418 1000000304 1000000375 1000000146 1000000064 1000000045 1000000262 1000000095 1000000361 1000000265 1000000235 1000000001 1000000245 1000000403 1000000472 1000000027 1000000356 1000000143 1000000305 1000000287 1000000038 1000000083 1000000090 1000000023 1000000376 1000000271 1000000416 1000000256 1000000167 1000000192 1000000298 1000000431 1000000317 1000000453 1000000300 1000000424 1000000459 1000000275 1000000470 1000000252 1000000177 1000000209 1000000163 1000000273
0
