45 5
8 3
12 0
11 11
44 5
1 0
0 1
1 1
100000 100000
100000 99999
99999 100000
100000 50000
50000 100000
100000 0
0 100000 
100000 1
1 100000
3 4
3 5
4 3
4 2
50678 75612
79234 84031
55413 69454
29386 97502
53374 40345
86693 63827
94785 7289
76731 39090
90087 10891
93689 43873
83022 77056
3992 90137
57070 6044
71701 10180
83283 15704
76402 55909
94835 84709
479 79867
38317 87622
19662 84055
55912 66006
86487 44554
40501 58643
50435 37574
37626 48303
29807 33856
49817 17671
27773 7130
63747 8269
11594 18656
66871 56556
7844 64759
56810 33238
53872 11136
59259 90547
28329 5986
84266 49119
46258 6880
98779 51646
72131 90723
40401 63112
67012 99797
3166 39733
27568 90472
22230 15327
55636 50395
97337 18369
44821 43297
55830 94164
7222 66307
35889 81724
46458 29359
10540 59567
42929 8070
46668 32751
94904 48358
24888 18521
75141 41626
21620 81234
51297 46125
86268 77202
31860 63741
71298 75520
11508 14240
25918 13502
76394 77780
80159 51009
59668 97237
86546 80848
39365 49616
25640 72718
46115 13958
41253 69876
61185 10749
57176 66847
73727 65227
89436 42969
92830 23362
55437 99059
35750 65910
53313 53772
67584 20297
52127 73279
56169 73714
23990 42420
50817 78055
33230 34488
6814 6312
96999 89529
82964 75937
66991 28519
25197 30987
89014 45372
1466 19569
1451 47483
84012 94942
20993 71237
7197 23650
52038 78129
40521 24698
-1 -1