5 10 6
5 3 4 2 4
6 3 10
6 5 3 4 2 8
1 1 3
1
4 4 4
1 1 1 1
3 4 4
1 1 1
0 100 25

0 24 25

1 0 25
24 
2 0 25
24 2
2 1 25
24 2
2 21 25
23 3
2 21 25
3 23
100 100 25
25 25 25 25 25 25 25 25 25 25 25 25 25 25 25 25 25 25 25 25 25 25 25 25 25 25 25 25 25 25 25 25 25 25 25 25 25 25 25 25 25 25 25 25 25 25 25 25 25 25 25 25 25 25 25 25 25 25 25 25 25 25 25 25 25 25 25 25 25 25 25 25 25 25 25 25 25 25 25 25 25 25 25 25 25 25 25 25 25 25 25 25 25 25 25 25 25 25 25 25 
100 25 25
25 25 25 25 25 25 25 25 25 25 25 25 25 25 25 25 25 25 25 25 25 25 25 25 25 25 25 25 25 25 25 25 25 25 25 25 25 25 25 25 25 25 25 25 25 25 25 25 25 25 25 25 25 25 25 25 25 25 25 25 25 25 25 25 25 25 25 25 25 25 25 25 25 25 25 25 25 25 25 25 25 25 25 25 25 25 25 25 25 25 25 25 25 25 25 25 25 25 25 25 
100 24 25
25 25 25 25 25 25 25 25 25 25 25 25 25 25 25 25 25 25 25 25 25 25 25 25 25 25 25 25 25 25 25 25 25 25 25 25 25 25 25 25 25 25 25 25 25 25 25 25 25 25 25 25 25 25 25 25 25 25 25 25 25 25 25 25 25 25 25 25 25 25 25 25 25 25 25 25 25 25 25 25 25 25 25 25 25 25 25 25 25 25 25 25 25 25 25 25 25 25 25 25 
100 100 25
24 24 24 24 24 24 24 24 24 24 24 24 24 24 24 24 24 24 24 24 24 24 24 24 24 24 24 24 24 24 24 24 24 24 24 24 24 24 24 24 24 24 24 24 24 24 24 24 24 24 24 24 24 24 24 24 24 24 24 24 24 24 24 24 24 24 24 24 24 24 24 24 24 24 24 24 24 24 24 24 24 24 24 24 24 24 24 24 24 24 24 24 24 24 24 24 24 24 24 24
100 100 25
24 24 24 24 24 24 24 24 24 24 24 24 24 24 24 24 24 24 24 24 24 24 24 24 24 24 24 24 24 24 24 24 24 24 24 24 24 24 24 24 24 24 24 24 24 24 24 24 24 24 24 24 24 24 24 24 24 24 24 24 24 24 24 24 24 24 24 24 24 24 24 24 24 24 24 24 24 24 24 24 24 24 24 24 24 24 24 24 24 24 24 24 24 24 24 24 24 24 24 23  
100 99 25
24 24 24 24 24 24 24 24 24 24 24 24 24 24 24 24 24 24 24 24 24 24 24 24 24 24 24 24 24 24 24 24 24 24 24 24 24 24 24 24 24 24 24 24 24 24 24 24 24 24 24 24 24 24 24 24 24 24 24 24 24 24 24 24 24 24 24 24 24 24 24 24 24 24 24 24 24 24 24 24 24 24 24 24 24 24 24 24 24 24 24 24 24 24 24 24 24 24 24 23
100 98 25
24 24 24 24 24 24 24 24 24 24 24 24 24 24 24 24 24 24 24 24 24 24 24 24 24 24 24 24 24 24 24 24 24 24 24 24 24 24 24 24 24 24 24 24 24 24 24 24 24 24 24 24 24 24 24 24 24 24 24 24 24 24 24 24 24 24 24 24 24 24 24 24 24 24 24 24 24 24 24 24 24 24 24 24 24 24 24 24 24 24 24 24 24 24 24 24 24 24 24 23
12 41 12
2 11 4 10 3 12 6 6 1 2 3 7
13 36 12
2 11 4 10 3 12 6 6 1 2 3 7 5
13 47 12
2 11 4 10 3 12 6 6 1 2 3 7 5
13 48 12
2 11 4 10 3 12 6 6 1 2 3 7 5
13 48 12
2 11 4 10 3 12 6 6 1 2 3 7 4
25 75 6
2 3 3 6 4 6 1 2 2 1 5 2 4 4 1 5 1 3 2 3 6 6 4 4 1 
76 11 25
5 23 9 9 16 9 3 4 22 8 7 2 5 16 14 1 12 14 19 1 11 3 18 16 10 23 17 17 9 3 4 5 3 11 6 8 7 2 6 25 3 18 12 24 14 12 15 24 6 11 12 4 24 10 21 14 15 5 11 24 21 23 7 10 6 9 5 7 8 12 5 22 14 1 24 22 
35 6 20
12 17 4 20 20 13 8 16 9 6 15 3 13 7 8 14 9 1 6 20 4 11 6 12 11 11 12 15 15 3 9 19 11 18 9 
30 85 9
7 5 2 8 7 8 5 5 4 5 3 3 3 1 4 4 9 5 4 3 7 1 4 3 3 6 5 1 8 8 
94 5 2
2 2 1 2 2 1 2 2 2 1 2 2 1 1 2 2 1 2 1 2 1 2 2 1 2 1 2 2 2 2 2 1 2 2 1 2 2 2 1 1 1 1 2 1 1 1 2 1 1 2 2 1 2 2 1 2 2 2 2 1 1 1 1 1 2 2 2 1 1 2 2 2 1 2 2 2 1 2 2 2 1 2 1 2 1 2 1 1 2 1 1 1 2 2 
29 32 19
15 17 14 3 7 5 18 12 7 19 1 17 16 3 7 8 13 7 2 6 8 9 8 2 16 5 19 14 4 
69 76 17
4 12 12 8 5 13 16 12 12 16 8 1 6 14 12 2 11 5 12 8 3 16 3 13 1 2 3 13 16 12 8 8 5 9 3 4 6 10 9 4 17 16 6 4 1 17 4 12 7 13 12 17 7 2 7 3 14 12 16 6 11 3 4 15 1 13 10 14 2 
46 87 16
13 14 14 15 2 1 8 7 16 6 16 2 13 14 5 7 6 12 4 10 6 5 3 14 16 11 15 14 15 9 2 8 9 2 5 8 6 11 15 9 4 11 2 4 5 16 
52 90 2
2 2 1 1 1 2 1 2 2 1 1 2 1 2 2 2 1 1 2 1 1 2 1 2 1 1 2 2 1 1 2 2 2 2 1 1 1 1 1 1 1 2 1 2 1 1 2 1 1 2 2 1 
29 73 4
1 4 3 1 1 3 1 2 3 3 2 1 4 1 4 4 3 4 1 2 4 3 1 1 3 1 2 2 2 
22 93 16
11 1 16 1 4 3 16 4 3 14 12 2 9 4 11 11 5 4 6 13 15 13 
96 38 4
1 1 2 1 2 3 4 1 4 4 1 2 2 1 1 2 1 3 4 1 2 3 1 4 4 1 1 4 2 3 1 1 4 3 3 1 4 1 3 4 2 3 2 2 1 1 2 3 2 4 1 4 1 2 3 2 2 1 2 1 1 1 2 3 1 2 1 2 2 4 2 3 4 3 3 3 1 2 4 1 4 1 4 1 2 2 2 3 3 4 1 2 2 1 4 1 
20 39 24
12 14 19 2 11 5 3 15 16 24 3 4 14 9 16 6 11 23 8 3 
31 57 16
10 10 13 11 12 14 7 13 14 2 10 4 10 10 9 8 15 9 8 6 2 5 15 13 8 15 4 8 5 10 1 
79 21 12
9 12 1 4 6 9 12 4 7 1 8 1 9 8 5 2 11 2 10 4 8 2 3 8 2 4 2 11 8 11 5 5 12 3 4 12 11 8 10 6 2 4 3 10 12 6 8 2 2 10 7 11 3 3 5 3 4 5 9 9 11 5 3 3 1 6 11 7 1 12 5 3 2 3 3 4 4 7 10 
85 84 20
1 20 1 14 6 11 17 4 3 4 15 9 18 20 9 5 2 10 13 8 2 8 9 12 12 2 16 12 3 9 20 2 17 14 4 20 12 2 8 19 7 18 3 1 2 4 13 16 16 12 7 8 6 13 13 18 12 20 10 20 2 16 19 12 10 9 6 16 18 2 5 13 2 5 8 5 15 10 20 11 17 17 14 13 15 
17 87 17
10 9 4 2 14 8 11 9 14 12 3 1 3 6 10 16 14 
60 0 12
12 3 10 10 6 5 7 7 10 7 4 8 7 9 3 3 3 3 4 3 4 6 9 5 9 5 10 1 6 4 12 7 3 8 7 9 2 5 10 5 3 7 8 9 1 12 5 7 3 8 2 4 1 1 6 5 10 2 5 4 
57 21 7
3 6 4 2 7 1 6 3 7 5 6 3 5 5 1 5 3 6 7 6 4 1 7 7 3 3 5 3 4 3 5 6 2 1 6 5 2 5 3 1 6 3 2 2 1 2 2 3 5 3 3 3 3 6 2 4 5 
45 29 9
3 7 9 5 4 3 6 2 9 4 4 5 6 4 9 3 2 5 1 3 5 2 9 4 3 6 4 4 4 7 5 1 5 1 7 2 5 9 7 1 4 5 6 4 2 
72 98 16
1 7 3 12 13 3 13 14 4 9 5 13 11 11 1 4 2 6 16 2 2 12 9 7 5 15 7 1 3 16 4 6 6 4 6 5 16 15 1 9 10 9 6 6 4 3 14 15 12 13 9 13 2 16 12 7 9 1 11 7 15 2 16 8 2 14 8 5 4 10 4 15 
98 78 9
8 2 9 7 9 6 6 2 2 5 3 5 6 5 3 4 3 7 4 4 1 3 2 5 2 4 6 8 3 8 5 4 2 5 5 3 7 2 6 2 6 9 4 9 8 8 6 5 9 4 8 4 2 1 2 1 1 8 2 1 5 6 6 7 9 6 4 1 9 3 7 8 5 6 5 7 6 8 6 7 7 2 8 7 4 1 6 1 2 9 1 1 7 2 5 8 9 9 
61 88 9
7 5 7 9 5 8 3 3 3 6 1 9 4 3 2 7 4 1 6 9 3 9 8 4 3 9 8 3 2 2 8 1 8 7 9 3 9 5 3 8 1 1 5 1 7 5 7 5 7 5 8 1 1 5 7 7 2 9 2 2 7 
53 9 9
1 4 9 8 3 6 2 1 3 2 4 6 6 7 1 4 9 8 1 7 8 9 6 7 1 4 1 2 6 5 3 3 6 5 5 5 3 8 6 8 3 1 8 1 1 4 9 2 3 6 6 7 4 
70 37 4
2 2 3 1 2 3 4 1 2 1 3 2 4 4 3 2 2 3 3 2 1 3 2 3 3 1 2 3 4 3 1 4 1 4 3 1 4 2 3 3 4 3 3 4 4 3 2 4 1 2 1 2 2 3 2 4 4 4 1 1 4 2 3 4 4 1 1 3 1 2 
100 80 7
2 5 5 5 3 2 5 5 7 7 1 1 3 4 5 2 7 3 4 6 6 4 7 4 7 4 3 4 4 7 3 3 2 3 7 6 5 1 6 3 4 6 2 4 5 2 2 1 5 1 7 3 7 7 2 3 1 3 7 7 6 3 3 6 5 1 6 6 2 6 1 4 5 5 4 2 2 6 6 3 7 1 3 6 1 2 4 2 7 5 6 4 5 5 2 4 6 6 5 6 
53 82 3
3 1 3 2 2 3 2 2 1 2 1 3 3 2 1 3 1 3 3 1 1 3 3 2 2 2 2 2 3 1 3 1 3 3 3 2 1 3 1 3 3 1 1 3 3 3 2 1 1 1 2 3 1 
37 15 18
13 16 17 1 9 12 15 7 11 4 8 14 6 2 6 18 2 16 7 18 14 11 4 16 14 9 6 2 15 15 5 17 11 4 8 10 5 
61 12 25
18 24 17 25 1 8 15 9 4 4 13 14 5 20 16 24 5 16 1 2 21 20 2 17 25 7 18 20 16 18 16 4 14 22 16 12 6 15 15 14 18 24 20 14 12 11 9 12 16 16 7 9 1 22 13 23 1 22 12 1 6 
12 26 18
9 11 1 4 11 6 14 9 3 10 16 12 
94 83 5
5 3 3 4 3 4 1 1 1 1 1 2 2 1 3 3 4 2 2 5 3 1 3 4 3 3 5 5 3 4 2 3 2 4 3 5 5 4 3 2 1 4 1 1 4 4 5 4 5 5 2 4 3 2 3 3 5 1 3 5 2 3 2 5 3 4 1 2 1 5 1 5 2 5 2 2 5 2 5 5 1 2 4 4 5 5 4 3 2 5 2 4 1 5 
29 58 25
14 11 9 7 3 16 22 8 16 7 11 20 1 24 16 21 10 20 22 16 13 17 24 21 13 24 20 21 5 
47 100 24
8 8 16 5 7 22 3 5 5 6 2 6 17 7 11 3 15 22 19 23 4 18 22 24 9 13 17 7 16 18 7 15 19 6 16 24 5 13 16 7 16 9 19 20 5 1 14 
39 22 6
3 3 4 6 6 3 2 4 5 3 4 2 4 6 5 5 1 3 1 1 5 5 6 1 2 2 6 2 2 2 3 5 4 1 5 6 4 2 3 
43 78 13
7 5 7 6 6 12 5 12 10 10 2 2 13 9 12 5 10 8 2 7 6 12 3 12 1 4 12 13 10 9 13 11 3 1 7 2 1 2 1 6 8 10 13 
76 12 19
2 18 18 3 4 4 13 4 1 15 18 5 15 3 6 15 13 8 6 14 10 13 8 19 12 12 5 8 12 17 8 7 19 18 3 1 18 18 17 16 7 9 15 11 12 4 12 3 12 14 16 6 16 8 7 14 17 6 14 1 7 9 4 11 15 12 5 18 10 5 18 14 2 18 13 15 
23 75 12
5 7 2 10 12 1 2 7 12 3 7 6 2 10 9 12 5 9 10 3 10 5 8 
73 20 25
21 21 5 15 10 3 9 10 16 17 1 12 22 1 20 4 12 1 2 2 11 7 12 7 23 5 7 2 4 9 19 16 17 17 18 11 20 5 10 19 4 5 22 18 22 15 16 14 17 2 13 13 19 10 8 15 25 7 24 14 18 15 9 10 20 7 24 16 15 8 24 8 4 
89 14 3
3 2 1 2 2 3 2 2 3 2 1 2 3 2 2 3 2 3 3 1 2 3 3 2 1 3 2 3 2 3 2 1 3 1 3 2 3 2 3 3 1 1 2 3 3 2 2 1 3 2 2 3 3 1 1 2 1 2 3 2 3 1 1 3 2 3 2 3 2 3 1 1 1 2 3 1 1 1 3 2 2 2 3 2 1 3 1 3 2 
94 75 4
3 4 2 2 3 4 4 3 4 3 3 4 2 1 3 2 2 3 1 4 2 2 2 4 3 1 4 3 1 4 1 1 3 3 1 2 1 4 4 2 2 4 3 1 1 1 4 3 1 2 2 2 4 1 4 4 1 3 2 2 1 2 3 2 4 3 4 1 1 1 2 3 4 2 1 3 1 1 2 3 4 3 2 2 1 4 2 3 2 2 2 4 3 2 
78 69 6
1 1 1 4 3 4 3 2 5 1 5 2 5 5 5 3 3 6 2 2 2 6 2 5 2 2 1 2 2 6 6 2 2 2 5 2 5 2 6 3 1 2 3 2 2 1 2 5 2 4 4 1 2 1 5 4 1 5 1 3 6 5 4 6 6 4 4 5 1 6 4 2 1 3 1 3 6 2 
41 7 23
15 20 10 4 20 18 17 6 12 14 18 19 2 14 6 7 6 23 8 5 7 22 14 18 16 20 17 10 15 22 5 13 5 22 22 9 18 15 1 11 7 
44 75 21
6 6 10 15 7 4 15 16 9 16 6 15 15 21 17 17 3 9 15 13 2 2 19 12 5 1 21 6 19 15 6 18 19 5 5 10 10 21 7 4 14 5 15 5 
23 62 19
4 1 8 16 11 5 1 18 7 12 2 1 9 3 8 9 11 12 14 4 2 9 17 
88 19 10
5 8 8 10 9 8 9 9 5 4 6 5 6 1 2 10 3 3 6 10 8 7 7 7 8 4 9 1 2 5 4 1 10 1 3 7 4 1 1 4 2 10 5 8 2 1 9 3 3 1 4 2 9 5 3 2 8 2 1 6 7 10 8 3 7 10 7 9 8 9 7 5 2 4 8 9 8 5 4 6 3 2 8 2 7 10 1 9 
43 74 2
2 2 2 2 2 1 1 1 1 1 1 2 1 1 1 1 1 2 1 1 1 2 1 2 2 2 2 1 1 1 1 1 2 1 1 2 2 1 2 2 2 2 1 
1 57 13
4 
21 88 7
5 3 2 1 5 4 5 1 7 3 7 5 3 4 2 2 3 6 7 5 2 
94 97 24
7 19 22 12 15 17 16 13 5 24 2 7 17 8 4 18 17 19 12 12 22 8 6 20 24 4 13 4 7 3 12 12 7 11 14 2 23 1 22 23 14 5 20 14 2 17 21 14 22 15 14 15 8 8 12 17 4 16 2 7 8 23 8 19 6 3 5 3 15 17 18 9 18 18 18 24 17 2 17 10 11 4 23 14 4 24 17 15 22 15 21 8 17 22 
77 56 9
6 3 4 1 7 7 9 7 9 5 4 7 5 7 1 8 8 1 2 5 3 9 1 3 2 8 1 4 4 5 2 6 5 5 9 1 8 1 8 1 9 2 4 2 5 9 3 9 8 6 3 8 7 3 3 6 5 5 5 8 3 7 6 2 9 4 5 8 4 9 1 6 1 6 3 3 5 
3 62 20
12 7 14 
32 69 19
7 13 15 1 13 14 15 6 8 5 18 18 5 15 1 5 4 4 14 4 12 9 5 17 10 14 4 12 10 8 11 15 
95 14 1
1 1 1 1 1 1 1 1 1 1 1 1 1 1 1 1 1 1 1 1 1 1 1 1 1 1 1 1 1 1 1 1 1 1 1 1 1 1 1 1 1 1 1 1 1 1 1 1 1 1 1 1 1 1 1 1 1 1 1 1 1 1 1 1 1 1 1 1 1 1 1 1 1 1 1 1 1 1 1 1 1 1 1 1 1 1 1 1 1 1 1 1 1 1 1 
14 91 24
23 20 13 13 15 13 11 3 2 4 19 24 13 19 
86 49 16
10 10 5 3 6 3 6 2 8 11 10 13 2 8 13 5 6 12 12 8 7 4 14 3 3 1 10 10 16 3 7 11 3 1 9 5 5 7 7 8 14 10 8 6 16 10 16 4 11 1 6 1 7 5 6 14 7 10 2 8 2 12 16 2 11 6 4 6 3 4 2 7 13 1 3 5 11 10 4 11 14 3 4 15 1 6 
62 65 1
1 1 1 1 1 1 1 1 1 1 1 1 1 1 1 1 1 1 1 1 1 1 1 1 1 1 1 1 1 1 1 1 1 1 1 1 1 1 1 1 1 1 1 1 1 1 1 1 1 1 1 1 1 1 1 1 1 1 1 1 1 1 
65 12 25
21 22 14 11 11 22 8 4 6 5 14 24 24 23 9 14 1 17 3 9 22 11 21 9 13 8 6 8 15 12 24 12 21 13 13 21 17 21 24 3 21 20 6 18 2 14 15 1 21 16 5 17 23 9 9 21 18 17 11 5 5 23 19 12 17 
16 97 20
20 4 1 9 3 14 8 12 12 2 8 10 15 19 20 13 
99 100 14
10 14 9 7 9 2 9 3 9 9 6 4 5 2 3 8 9 11 8 8 6 14 3 1 9 3 14 1 14 7 7 2 14 13 8 14 9 1 4 10 13 1 11 3 3 10 14 8 13 1 11 4 5 8 12 4 12 11 7 6 5 6 12 10 11 1 11 12 5 5 3 2 9 9 12 7 10 9 8 5 7 9 3 5 14 4 10 8 5 7 9 7 3 10 11 8 5 8 11 
66 20 17
1 13 1 3 10 16 6 6 4 6 4 10 17 6 5 16 5 11 10 5 5 14 3 5 13 16 1 8 7 12 16 13 6 15 4 14 4 1 16 16 5 14 13 16 14 16 2 11 9 17 12 9 6 14 5 1 10 11 1 13 1 9 16 15 8 10 
49 38 10
6 5 4 6 4 2 7 10 5 9 3 8 2 3 5 2 8 8 8 6 3 1 6 4 9 6 2 10 9 3 10 6 5 4 10 7 4 7 9 8 10 3 9 3 7 8 10 3 10 
71 85 10
1 7 8 8 2 2 3 2 2 5 4 3 5 6 1 2 5 4 8 9 4 8 9 10 5 6 1 5 3 7 4 8 8 7 8 4 4 9 10 2 6 2 6 6 3 1 4 10 5 6 6 10 2 8 7 10 10 1 10 2 4 3 10 3 2 10 10 1 4 10 10 
71 54 17
3 9 17 16 9 5 13 10 11 11 13 9 5 4 14 11 8 8 13 10 12 14 14 10 11 12 9 5 16 12 12 1 16 4 14 13 12 11 10 5 5 8 15 15 4 11 6 2 16 1 11 16 16 14 14 13 4 1 3 8 16 16 13 15 10 10 12 15 4 7 5 
18 10 3
1 3 2 1 1 1 1 1 1 1 2 2 1 1 1 2 1 1 
50 51 7
1 6 5 1 1 3 7 5 4 3 1 7 4 3 5 3 7 1 2 7 2 1 4 6 3 5 2 6 2 3 2 1 6 7 6 6 6 4 7 7 7 2 3 2 5 7 2 7 5 4 
71 83 11
2 1 8 1 10 3 4 8 1 3 7 10 1 7 6 4 11 9 9 7 4 6 1 11 5 11 6 8 8 1 1 7 1 10 2 4 9 1 6 5 3 1 11 2 3 7 3 1 7 2 6 2 4 5 11 7 4 2 3 3 5 2 2 7 10 7 3 8 5 7 11 
81 23 18
3 6 1 3 6 13 16 5 14 6 8 12 6 1 7 6 12 8 16 3 9 3 13 5 9 6 13 11 2 3 9 7 3 9 16 4 4 13 16 11 5 16 12 6 4 8 15 2 5 1 14 11 1 16 6 10 7 17 14 11 13 14 7 3 17 9 16 15 16 2 4 10 12 15 3 9 2 10 18 8 10 
8 63 18
10 7 3 6 16 14 18 15 
59 80 16
16 10 2 8 7 15 6 2 1 16 2 10 16 5 12 3 16 2 15 10 4 7 9 11 4 9 8 12 2 4 14 7 6 6 5 7 8 11 16 12 16 14 2 16 1 6 13 9 13 12 7 13 16 5 6 9 4 7 9 
80 85 23
5 14 13 8 19 13 20 3 22 2 18 19 14 21 5 18 16 12 20 21 17 11 23 6 13 11 19 10 16 22 17 6 8 19 14 5 21 4 22 17 9 15 16 9 20 3 10 7 3 23 12 15 15 22 15 7 6 12 18 4 9 7 3 16 1 6 2 11 4 1 3 2 14 23 19 20 22 13 19 19 
66 26 22
13 10 8 21 22 3 6 13 8 14 17 3 20 21 7 6 12 19 20 20 21 20 4 5 4 16 20 12 10 15 22 9 13 1 2 1 22 8 12 3 4 14 7 8 22 2 16 21 5 13 17 18 13 6 7 19 4 12 16 12 12 7 1 21 20 9 
8 93 8
4 2 1 2 7 7 5 3 
38 51 17
9 4 16 2 9 16 1 1 1 4 3 12 9 13 17 7 10 5 8 1 1 12 1 12 2 17 14 7 9 13 4 10 2 9 4 12 4 11 
93 43 13
9 13 7 4 3 11 1 8 11 9 2 9 1 7 7 12 9 6 4 1 3 11 3 8 11 7 4 11 5 9 12 6 3 3 10 3 2 3 11 10 6 10 7 3 3 3 6 7 11 3 1 7 5 8 10 9 3 6 3 13 1 12 9 8 3 9 4 2 13 7 6 13 11 11 12 8 4 3 11 13 12 6 1 7 13 11 12 4 2 10 6 5 2 
13 40 1
1 1 1 1 1 1 1 1 1 1 1 1 1 
18 20 18
17 18 7 1 18 15 17 6 4 14 15 15 9 15 8 6 14 16 
77 100 15
10 1 12 11 3 12 7 1 4 4 3 6 2 3 5 5 4 5 11 2 5 9 6 2 4 5 1 5 3 14 9 4 4 14 9 1 3 2 5 6 3 8 6 8 4 12 2 15 10 15 4 10 13 2 15 9 9 4 7 1 8 4 11 4 2 11 12 8 3 9 14 7 9 11 7 5 4 
80 40 9
7 3 5 6 8 8 3 7 4 1 5 9 1 5 3 1 9 7 4 3 6 9 9 2 7 8 3 3 1 2 5 6 9 4 9 6 2 7 3 4 1 3 1 9 6 9 5 9 7 9 2 5 6 9 5 4 3 8 7 7 2 4 7 1 5 9 4 3 4 1 9 9 3 9 4 8 9 8 7 1 
22 22 21
6 14 3 4 11 10 15 8 5 14 1 19 1 3 17 20 14 7 13 8 10 5 
41 94 4
2 2 3 3 4 1 4 4 4 3 3 3 4 1 3 1 4 3 3 4 4 1 1 2 2 3 3 1 2 1 4 3 2 3 2 2 4 2 1 2 3 
62 7 13
11 12 4 8 10 4 6 8 5 7 2 12 2 3 8 1 5 5 7 5 7 4 7 9 10 4 6 4 7 2 13 11 2 2 5 9 2 10 9 13 12 3 2 1 9 13 10 13 10 12 5 2 7 5 2 3 11 9 3 8 13 11 
91 24 24
6 17 6 2 11 6 16 15 15 17 5 3 20 13 22 5 8 13 17 14 10 23 15 23 8 11 22 3 3 2 20 7 8 20 17 21 11 18 15 24 18 10 9 10 19 16 5 9 19 9 7 1 20 3 20 11 2 1 24 10 19 11 4 14 1 18 7 9 21 8 8 7 17 14 5 4 9 7 11 5 7 10 11 16 3 5 13 7 19 12 12 
65 54 6
2 1 1 4 4 2 1 6 1 5 1 5 1 2 3 6 1 6 3 4 5 2 5 5 3 5 3 5 4 2 3 5 5 1 4 6 4 4 5 2 5 5 5 2 3 3 6 3 5 6 5 4 1 6 2 5 6 2 1 5 6 6 1 6 4 
4 26 10
6 9 1 6 
37 79 6
4 5 5 5 2 2 3 3 2 4 1 4 3 3 2 6 5 5 4 4 6 4 5 6 5 6 1 1 4 1 6 4 6 5 1 4 3 
72 12 8
3 4 8 3 2 1 6 4 6 4 7 1 1 7 7 7 7 4 6 6 3 2 4 8 7 7 1 7 6 2 1 5 6 5 5 4 7 5 7 5 4 1 5 8 8 7 3 3 6 1 1 4 8 4 3 7 7 4 3 7 7 5 8 8 6 7 2 4 2 5 5 7 
32 84 22
5 8 4 2 11 4 2 20 11 18 11 1 17 11 13 14 18 12 1 10 15 1 10 9 15 18 10 7 10 19 15 3 
39 20 21
8 16 14 20 12 21 1 13 16 4 15 9 8 3 12 8 3 1 11 20 21 1 19 12 14 21 8 18 5 16 15 9 15 17 2 11 19 18 16 
8 2 23
9 7 21 16 22 6 14 4 
92 12 14
10 10 6 6 2 5 12 3 13 10 7 1 13 13 13 13 10 3 3 13 2 4 1 11 1 13 9 7 13 6 7 13 10 14 7 10 3 11 13 7 1 10 1 12 14 8 8 11 2 11 14 9 1 3 2 7 4 4 9 13 1 11 6 10 2 1 10 5 3 3 14 2 1 9 14 5 1 14 12 3 5 4 2 12 12 7 11 10 4 13 4 10 
79 11 24
16 10 7 24 13 14 17 13 8 8 4 17 3 4 5 19 24 3 4 18 7 9 21 23 15 3 2 7 14 12 22 12 12 19 21 15 9 2 24 20 14 20 20 9 9 4 2 12 18 23 1 9 18 14 14 5 12 18 14 2 20 3 10 22 11 7 17 2 5 12 4 13 1 10 19 11 15 24 21 
94 35 20
4 6 16 18 3 3 11 12 17 15 8 12 15 19 15 20 14 6 17 20 14 17 9 17 16 14 15 15 19 10 2 13 11 13 16 20 11 6 5 4 8 8 4 19 3 1 6 4 20 10 1 8 14 4 2 9 7 18 8 15 8 19 4 8 1 3 6 10 19 6 6 16 4 9 8 16 1 2 5 5 7 2 10 14 19 10 8 6 16 20 7 2 3 12 
39 97 24
11 22 13 7 11 9 20 3 13 18 10 7 4 16 18 19 3 15 15 6 15 14 20 18 7 23 20 13 17 23 7 10 2 5 21 14 1 16 2 
98 57 2
1 1 1 2 1 2 2 1 2 2 2 1 2 1 1 2 2 2 2 1 1 2 2 1 2 1 2 2 1 2 2 1 2 1 2 2 2 1 1 1 1 2 2 1 1 1 2 2 2 2 1 1 1 1 2 2 2 2 2 1 2 1 2 1 2 2 2 2 2 1 2 1 2 2 2 2 1 2 2 1 1 2 1 2 2 1 2 2 2 1 2 1 1 1 2 1 2 1 
67 48 6
4 1 4 4 6 5 4 3 4 5 3 1 3 2 6 5 5 2 3 6 3 3 1 3 4 5 5 2 2 6 3 2 3 4 5 4 6 3 6 1 5 1 5 2 3 5 5 2 2 5 3 5 3 3 1 3 6 4 5 2 3 2 2 6 1 3 6 
5 52 6
1 4 5 3 4 
35 84 7
2 4 6 3 3 2 5 3 6 2 5 4 4 6 1 3 2 7 4 6 7 3 6 4 6 7 2 3 1 6 4 2 2 7 1 
79 65 5
5 3 1 4 5 1 5 1 2 4 4 2 3 4 5 4 1 5 2 5 4 4 4 2 2 2 1 5 5 5 2 5 3 4 5 5 4 2 5 5 1 4 4 1 5 1 4 5 4 4 5 2 4 3 2 2 2 2 5 4 2 3 4 2 1 2 4 3 3 2 4 5 5 1 2 2 1 2 5 
48 11 22
19 14 15 19 1 9 1 22 21 16 21 18 12 19 3 14 19 3 16 5 10 22 3 19 17 7 13 8 12 15 4 8 4 15 12 20 15 14 22 22 7 12 13 11 14 6 1 4 
11 91 3
2 3 2 2 3 1 2 1 2 2 3 
0 0 0
