90
10 4
-8 8
8 8
8 -8
-8 -8
3 4
-7 -8
-6 7
7 8
9 -6
1 3
2 4
2 -3
-5 -3
1000 3
2 4
2 -3
-5 -3
10 3
-30 20
30 20
0 -40
21 3
-40 20
40 20
0 -40
19 3
-40 20
40 20
0 -40
1 4
-10 0
0 10
10 0
0 -10
14 4
-10 0
0 10
10 0
0 -10
15 4
-10 0
0 10
10 0
0 -10
20 4
-10 0
0 10
10 0
0 -10
1 4
-10 10
10 10
10 -10
-10 -10
19 4
-10 10
10 10
10 -10
-10 -10
21 4
-10 10
10 10
10 -10
-10 -10
29 4
-10 10
10 10
10 -10
-10 -10
500 4
-1000 -1000
-1000 1000
1000 1000
1000 -1000
99 6
-100 100
0 500
100 100
100 -100
0 -500
-100 -100
101 6
-100 100
0 500
100 100
100 -100
0 -500
-100 -100
501 6
-100 100
0 500
100 100
100 -100
0 -500
-100 -100
99 6
100 100
500 0
100 -100
-100 -100
-500 0
-100 100
101 6
100 100
500 0
100 -100
-100 -100
-500 0
-100 100
501 6
100 100
500 0
100 -100
-100 -100
-500 0
-100 100
9 6
-90 10
10 10
10 -40
-90 -40
-110 -20
-110 -10
11 6
-90 10
10 10
10 -40
-90 -40
-110 -20
-110 -10
514 5
1000 66
1000 -1000
-1000 -1000
-1000 1000
-818 1000
516 5
1000 66
1000 -1000
-1000 -1000
-1000 1000
-818 1000
522 5
1000 97
1000 -1000
-1000 -1000
-1000 1000
-861 1000
524 5
1000 97
1000 -1000
-1000 -1000
-1000 1000
-861 1000
491 5
1000 26
1000 -1000
-1000 -1000
-1000 1000
-833 1000
493 5
1000 26
1000 -1000
-1000 -1000
-1000 1000
-833 1000
490 5
1000 72
1000 -1000
-1000 -1000
-1000 1000
-966 1000
492 5
1000 72
1000 -1000
-1000 -1000
-1000 1000
-966 1000
473 5
1000 41
1000 -1000
-1000 -1000
-1000 1000
-970 1000
475 5
1000 41
1000 -1000
-1000 -1000
-1000 1000
-970 1000
561 5
1000 55
1000 -1000
-1000 -1000
-1000 1000
-573 1000
563 5
1000 55
1000 -1000
-1000 -1000
-1000 1000
-573 1000
545 5
1000 31
1000 -1000
-1000 -1000
-1000 1000
-591 1000
547 5
1000 31
1000 -1000
-1000 -1000
-1000 1000
-591 1000
526 5
1000 70
1000 -1000
-1000 -1000
-1000 1000
-769 1000
528 5
1000 70
1000 -1000
-1000 -1000
-1000 1000
-769 1000
476 5
1000 7
1000 -1000
-1000 -1000
-1000 1000
-856 1000
478 5
1000 7
1000 -1000
-1000 -1000
-1000 1000
-856 1000
494 5
1000 35
1000 -1000
-1000 -1000
-1000 1000
-841 1000
496 5
1000 35
1000 -1000
-1000 -1000
-1000 1000
-841 1000
148 9
212 71
221 -32
142 -172
-130 -182
-167 148
-92 204
24 222
164 152
189 119
150 9
212 71
221 -32
142 -172
-130 -182
-167 148
-92 204
24 222
164 152
189 119
36 5
87 62
-24 -104
-58 -90
-97 45
3 107
38 5
87 62
-24 -104
-58 -90
-97 45
3 107
238 12
282 34
236 -158
128 -253
-14 -284
-87 -270
-150 -241
-194 -208
-284 -1
-120 257
-59 278
23 283
249 136
240 12
282 34
236 -158
128 -253
-14 -284
-87 -270
-150 -241
-194 -208
-284 -1
-120 257
-59 278
23 283
249 136
146 19
163 15
151 -62
118 -112
103 -126
68 -148
42 -158
-12 -163
-75 -145
-103 -127
-123 -107
-161 29
-77 144
-61 151
14 163
49 156
75 145
99 130
118 113
157 45
148 19
163 15
151 -62
118 -112
103 -126
68 -148
42 -158
-12 -163
-75 -145
-103 -127
-123 -107
-161 29
-77 144
-61 151
14 163
49 156
75 145
99 130
118 113
157 45
26 5
-28 57
62 -13
39 -50
-8 -63
-64 1
28 5
-28 57
62 -13
39 -50
-8 -63
-64 1
170 11
235 40
234 -46
162 -175
101 -216
-122 -205
-209 114
-183 153
-158 179
32 236
101 216
184 152
172 11
235 40
234 -46
162 -175
101 -216
-122 -205
-209 114
-183 153
-158 179
32 236
101 216
184 152
39 5
79 224
210 -112
132 -198
-68 -228
-13 237
41 5
79 224
210 -112
132 -198
-68 -228
-13 237
195 10
157 212
243 -102
172 -200
150 -217
-52 -259
-220 -145
-263 -15
-45 260
82 251
125 232
197 10
157 212
243 -102
172 -200
150 -217
-52 -259
-220 -145
-263 -15
-45 260
82 251
125 232
125 18
161 1
155 -47
140 -80
117 -112
69 -146
34 -158
14 -161
-3 -161
-41 -156
-161 5
-155 46
-143 75
-111 117
-76 142
-36 157
109 119
124 104
135 89
127 18
161 1
155 -47
140 -80
117 -112
69 -146
34 -158
14 -161
-3 -161
-41 -156
-161 5
-155 46
-143 75
-111 117
-76 142
-36 157
109 119
124 104
135 89
41 5
-60 121
120 -62
45 -128
-131 34
-100 91
43 5
-60 121
120 -62
45 -128
-131 34
-100 91
969 66
974 48
976 -7
970 -103
955 -200
940 -261
921 -322
882 -416
829 -514
768 -601
701 -678
649 -729
504 -835
423 -879
352 -910
259 -941
199 -955
128 -967
56 -974
-77 -973
-128 -967
-258 -941
-370 -903
-448 -867
-516 -828
-603 -767
-662 -717
-799 -560
-860 -461
-886 -408
-915 -338
-932 -289
-946 -237
-964 -152
-970 -103
-974 -47
-975 22
-969 111
-955 197
-915 340
-855 471
-810 544
-760 612
-672 707
-583 782
-539 813
-488 845
-378 899
-296 929
-217 951
-152 964
-4 976
165 962
244 945
314 924
401 889
494 842
558 800
643 734
699 681
745 630
785 579
832 509
873 435
904 367
933 286
955 202
971 66
974 48
976 -7
970 -103
955 -200
940 -261
921 -322
882 -416
829 -514
768 -601
701 -678
649 -729
504 -835
423 -879
352 -910
259 -941
199 -955
128 -967
56 -974
-77 -973
-128 -967
-258 -941
-370 -903
-448 -867
-516 -828
-603 -767
-662 -717
-799 -560
-860 -461
-886 -408
-915 -338
-932 -289
-946 -237
-964 -152
-970 -103
-974 -47
-975 22
-969 111
-955 197
-915 340
-855 471
-810 544
-760 612
-672 707
-583 782
-539 813
-488 845
-378 899
-296 929
-217 951
-152 964
-4 976
165 962
244 945
314 924
401 889
494 842
558 800
643 734
699 681
745 630
785 579
832 509
873 435
904 367
933 286
955 202
845 60
857 18
849 -118
832 -209
811 -278
778 -360
630 -581
541 -665
443 -735
341 -787
281 -810
82 -854
32 -857
-23 -857
-84 -853
-227 -827
-281 -810
-328 -792
-376 -771
-426 -744
-508 -691
-544 -663
-596 -616
-646 -564
-686 -515
-720 -466
-748 -420
-780 -357
-797 -315
-826 -231
-837 -187
-852 -98
-857 -24
-857 22
-853 86
-841 167
-799 311
-776 365
-747 421
-708 484
-661 547
-614 599
-549 659
-459 724
-395 761
-288 808
-244 822
-173 840
-71 855
51 856
158 843
295 805
424 746
500 697
589 623
663 544
715 473
769 380
811 280
832 206
853 91
847 60
857 18
849 -118
832 -209
811 -278
778 -360
630 -581
541 -665
443 -735
341 -787
281 -810
82 -854
32 -857
-23 -857
-84 -853
-227 -827
-281 -810
-328 -792
-376 -771
-426 -744
-508 -691
-544 -663
-596 -616
-646 -564
-686 -515
-720 -466
-748 -420
-780 -357
-797 -315
-826 -231
-837 -187
-852 -98
-857 -24
-857 22
-853 86
-841 167
-799 311
-776 365
-747 421
-708 484
-661 547
-614 599
-549 659
-459 724
-395 761
-288 808
-244 822
-173 840
-71 855
51 856
158 843
295 805
424 746
500 697
589 623
663 544
715 473
769 380
811 280
832 206
853 91
831 62
837 57
839 -6
836 -74
818 -185
804 -241
776 -320
753 -371
712 -443
649 -532
612 -574
568 -618
504 -671
460 -702
398 -739
261 -797
169 -822
111 -832
46 -838
-15 -839
-75 -836
-130 -829
-189 -817
-291 -787
-418 -727
-516 -662
-567 -618
-611 -575
-643 -539
-669 -506
-738 -399
-757 -361
-782 -304
-798 -258
-814 -205
-826 -146
-834 -93
-839 -21
-834 89
-799 255
-768 337
-740 396
-675 498
-535 646
-480 688
-408 733
-368 754
-327 773
-230 807
-162 823
7 839
172 821
287 788
368 754
453 706
514 663
603 584
682 488
709 448
740 395
781 307
809 224
825 154
833 62
837 57
839 -6
836 -74
818 -185
804 -241
776 -320
753 -371
712 -443
649 -532
612 -574
568 -618
504 -671
460 -702
398 -739
261 -797
169 -822
111 -832
46 -838
-15 -839
-75 -836
-130 -829
-189 -817
-291 -787
-418 -727
-516 -662
-567 -618
-611 -575
-643 -539
-669 -506
-738 -399
-757 -361
-782 -304
-798 -258
-814 -205
-826 -146
-834 -93
-839 -21
-834 89
-799 255
-768 337
-740 396
-675 498
-535 646
-480 688
-408 733
-368 754
-327 773
-230 807
-162 823
7 839
172 821
287 788
368 754
453 706
514 663
603 584
682 488
709 448
740 395
781 307
809 224
825 154
821 31
842 53
835 -118
757 -373
675 -505
456 -709
240 -809
79 -840
-295 -790
-432 -724
-519 -664
-566 -625
-603 -589
-648 -540
-680 -498
-798 -274
-812 -227
-843 -18
-811 230
-754 377
-570 622
-499 680
-452 712
-367 759
-243 807
-18 843
205 818
253 805
415 734
478 695
665 519
787 303
823 31
842 53
835 -118
757 -373
675 -505
456 -709
240 -809
79 -840
-295 -790
-432 -724
-519 -664
-566 -625
-603 -589
-648 -540
-680 -498
-798 -274
-812 -227
-843 -18
-811 230
-754 377
-570 622
-499 680
-452 712
-367 759
-243 807
-18 843
205 818
253 805
415 734
478 695
665 519
787 303
890 32
923 121
931 -28
919 -147
904 -221
863 -350
752 -549
326 -872
179 -914
55 -929
-72 -928
-163 -917
-354 -861
-419 -832
-627 -689
-790 -493
-916 -166
-919 150
-869 335
-819 443
-739 567
-623 692
-453 814
-96 926
16 931
118 924
482 797
549 752
596 715
650 666
756 543
796 483
904 223
892 32
923 121
931 -28
919 -147
904 -221
863 -350
752 -549
326 -872
179 -914
55 -929
-72 -928
-163 -917
-354 -861
-419 -832
-627 -689
-790 -493
-916 -166
-919 150
-869 335
-819 443
-739 567
-623 692
-453 814
-96 926
16 931
118 924
482 797
549 752
596 715
650 666
756 543
796 483
904 223
830 98
839 51
829 -136
824 -162
816 -201
799 -259
790 -285
777 -319
757 -365
626 -560
578 -610
555 -631
539 -645
508 -669
470 -696
316 -778
285 -790
250 -802
211 -813
162 -824
91 -835
52 -839
30 -840
9 -840
-37 -839
-66 -838
-94 -835
-131 -830
-154 -826
-203 -815
-228 -809
-295 -787
-354 -762
-379 -750
-404 -737
-439 -716
-528 -653
-559 -627
-636 -549
-664 -514
-682 -491
-709 -451
-734 -409
-757 -365
-774 -327
-787 -295
-801 -253
-820 -183
-832 -120
-836 -87
-838 -65
-840 -8
-839 40
-837 70
-835 96
-809 226
-792 279
-783 303
-767 342
-721 430
-693 475
-675 501
-657 524
-638 547
-618 569
-594 594
-486 685
-428 723
-406 735
-319 777
-212 813
-171 823
-108 833
-78 836
-31 840
12 840
44 839
76 837
112 833
173 822
220 811
262 798
287 790
343 767
408 734
469 697
531 651
556 630
578 610
608 580
631 555
649 533
681 492
693 474
735 407
746 386
777 319
831 122
835 89
832 98
839 51
829 -136
824 -162
816 -201
799 -259
790 -285
777 -319
757 -365
626 -560
578 -610
555 -631
539 -645
508 -669
470 -696
316 -778
285 -790
250 -802
211 -813
162 -824
91 -835
52 -839
30 -840
9 -840
-37 -839
-66 -838
-94 -835
-131 -830
-154 -826
-203 -815
-228 -809
-295 -787
-354 -762
-379 -750
-404 -737
-439 -716
-528 -653
-559 -627
-636 -549
-664 -514
-682 -491
-709 -451
-734 -409
-757 -365
-774 -327
-787 -295
-801 -253
-820 -183
-832 -120
-836 -87
-838 -65
-840 -8
-839 40
-837 70
-835 96
-809 226
-792 279
-783 303
-767 342
-721 430
-693 475
-675 501
-657 524
-638 547
-618 569
-594 594
-486 685
-428 723
-406 735
-319 777
-212 813
-171 823
-108 833
-78 836
-31 840
12 840
44 839
76 837
112 833
173 822
220 811
262 798
287 790
343 767
408 734
469 697
531 651
556 630
578 610
608 580
631 555
649 533
681 492
693 474
735 407
746 386
777 319
831 122
835 89
943 100
948 8
948 -26
944 -92
940 -126
912 -259
904 -287
895 -312
864 -390
851 -418
837 -445
807 -498
770 -553
743 -589
726 -609
695 -645
671 -670
644 -695
595 -738
550 -772
527 -788
485 -815
406 -856
359 -877
327 -890
278 -906
214 -924
155 -935
102 -942
76 -945
30 -948
-6 -948
-37 -947
-116 -941
-144 -937
-172 -932
-209 -925
-237 -918
-276 -907
-382 -868
-479 -818
-500 -805
-527 -788
-602 -732
-644 -696
-684 -657
-708 -630
-805 -500
-830 -457
-871 -374
-884 -343
-900 -299
-914 -251
-928 -193
-939 -134
-946 -69
-948 24
-946 54
-941 111
-934 165
-918 235
-906 278
-879 356
-866 386
-845 430
-825 467
-806 499
-747 584
-685 655
-651 689
-601 733
-573 755
-513 797
-444 838
-371 872
-344 884
-269 909
-234 919
-147 937
-92 944
85 944
108 942
177 931
313 895
406 857
484 815
532 785
568 759
604 731
651 689
723 614
769 555
815 484
830 458
867 382
884 344
903 290
920 229
934 161
942 102
946 55
945 100
948 8
948 -26
944 -92
940 -126
912 -259
904 -287
895 -312
864 -390
851 -418
837 -445
807 -498
770 -553
743 -589
726 -609
695 -645
671 -670
644 -695
595 -738
550 -772
527 -788
485 -815
406 -856
359 -877
327 -890
278 -906
214 -924
155 -935
102 -942
76 -945
30 -948
-6 -948
-37 -947
-116 -941
-144 -937
-172 -932
-209 -925
-237 -918
-276 -907
-382 -868
-479 -818
-500 -805
-527 -788
-602 -732
-644 -696
-684 -657
-708 -630
-805 -500
-830 -457
-871 -374
-884 -343
-900 -299
-914 -251
-928 -193
-939 -134
-946 -69
-948 24
-946 54
-941 111
-934 165
-918 235
-906 278
-879 356
-866 386
-845 430
-825 467
-806 499
-747 584
-685 655
-651 689
-601 733
-573 755
-513 797
-444 838
-371 872
-344 884
-269 909
-234 919
-147 937
-92 944
85 944
108 942
177 931
313 895
406 857
484 815
532 785
568 759
604 731
651 689
723 614
769 555
815 484
830 458
867 382
884 344
903 290
920 229
934 161
942 102
946 55
754 97
762 18
759 -62
757 -83
743 -166
732 -211
692 -318
680 -342
671 -360
658 -384
647 -402
617 -447
599 -471
568 -507
535 -542
508 -568
492 -581
448 -616
430 -629
367 -668
299 -701
265 -714
239 -723
131 -750
109 -754
74 -758
49 -760
25 -761
-11 -762
-33 -761
-54 -760
-85 -757
-105 -754
-172 -742
-216 -730
-318 -692
-475 -595
-526 -551
-554 -523
-583 -491
-598 -472
-650 -398
-709 -278
-717 -257
-728 -224
-734 -202
-743 -167
-750 -131
-762 -13
-760 44
-757 88
-745 156
-736 198
-718 254
-711 274
-696 309
-682 340
-668 367
-645 405
-631 426
-602 467
-556 520
-481 590
-461 607
-444 619
-422 634
-391 654
-352 675
-323 690
-285 706
-242 722
-218 730
-123 752
-84 757
-49 760
26 761
83 757
115 753
143 748
202 734
273 711
314 694
341 681
365 669
412 641
432 628
469 600
546 531
582 492
614 451
635 421
676 351
688 328
717 258
731 215
748 146
759 68
761 39
756 97
762 18
759 -62
757 -83
743 -166
732 -211
692 -318
680 -342
671 -360
658 -384
647 -402
617 -447
599 -471
568 -507
535 -542
508 -568
492 -581
448 -616
430 -629
367 -668
299 -701
265 -714
239 -723
131 -750
109 -754
74 -758
49 -760
25 -761
-11 -762
-33 -761
-54 -760
-85 -757
-105 -754
-172 -742
-216 -730
-318 -692
-475 -595
-526 -551
-554 -523
-583 -491
-598 -472
-650 -398
-709 -278
-717 -257
-728 -224
-734 -202
-743 -167
-750 -131
-762 -13
-760 44
-757 88
-745 156
-736 198
-718 254
-711 274
-696 309
-682 340
-668 367
-645 405
-631 426
-602 467
-556 520
-481 590
-461 607
-444 619
-422 634
-391 654
-352 675
-323 690
-285 706
-242 722
-218 730
-123 752
-84 757
-49 760
26 761
83 757
115 753
143 748
202 734
273 711
314 694
341 681
365 669
412 641
432 628
469 600
546 531
582 492
614 451
635 421
676 351
688 328
717 258
731 215
748 146
759 68
761 39
979 98
985 5
984 -38
974 -147
966 -190
932 -317
918 -356
907 -384
885 -433
867 -467
802 -572
777 -604
726 -665
708 -685
688 -704
621 -764
520 -836
462 -870
437 -883
325 -930
295 -940
253 -952
224 -959
162 -971
53 -983
-40 -984
-65 -983
-91 -981
-141 -975
-167 -970
-269 -947
-347 -922
-429 -886
-488 -855
-525 -833
-591 -787
-647 -742
-671 -721
-751 -637
-790 -588
-811 -559
-839 -516
-868 -466
-882 -438
-893 -416
-903 -393
-918 -356
-937 -304
-966 -191
-981 -81
-984 -36
-985 -6
-977 125
-964 203
-952 253
-941 289
-915 364
-889 424
-867 468
-834 523
-803 569
-751 637
-725 667
-704 688
-669 723
-626 760
-590 789
-534 828
-475 863
-386 906
-358 917
-301 938
-262 949
-116 978
-74 982
-42 984
-1 985
53 983
124 977
176 969
268 948
315 933
391 904
416 892
507 844
531 829
575 800
720 672
765 621
821 544
850 497
878 446
894 413
935 310
946 275
960 220
971 164
980 102
982 68
981 98
985 5
984 -38
974 -147
966 -190
932 -317
918 -356
907 -384
885 -433
867 -467
802 -572
777 -604
726 -665
708 -685
688 -704
621 -764
520 -836
462 -870
437 -883
325 -930
295 -940
253 -952
224 -959
162 -971
53 -983
-40 -984
-65 -983
-91 -981
-141 -975
-167 -970
-269 -947
-347 -922
-429 -886
-488 -855
-525 -833
-591 -787
-647 -742
-671 -721
-751 -637
-790 -588
-811 -559
-839 -516
-868 -466
-882 -438
-893 -416
-903 -393
-918 -356
-937 -304
-966 -191
-981 -81
-984 -36
-985 -6
-977 125
-964 203
-952 253
-941 289
-915 364
-889 424
-867 468
-834 523
-803 569
-751 637
-725 667
-704 688
-669 723
-626 760
-590 789
-534 828
-475 863
-386 906
-358 917
-301 938
-262 949
-116 978
-74 982
-42 984
-1 985
53 983
124 977
176 969
268 948
315 933
391 904
416 892
507 844
531 829
575 800
720 672
765 621
821 544
850 497
878 446
894 413
935 310
946 275
960 220
971 164
980 102
982 68
975 99
981 49
982 0
981 -38
979 -77
973 -133
963 -192
958 -216
921 -341
912 -364
891 -413
858 -477
809 -556
675 -713
652 -734
581 -791
526 -829
490 -851
432 -882
407 -894
317 -929
294 -937
208 -960
144 -971
-33 -981
-75 -979
-154 -970
-213 -959
-292 -938
-341 -921
-402 -896
-462 -866
-501 -845
-567 -802
-609 -770
-653 -733
-694 -695
-712 -676
-763 -619
-795 -576
-822 -537
-844 -502
-870 -456
-895 -404
-913 -362
-940 -285
-947 -260
-965 -180
-976 -111
-982 -7
-978 91
-965 180
-957 221
-951 246
-923 334
-910 369
-878 439
-864 467
-833 520
-800 569
-785 589
-755 628
-723 664
-631 753
-566 802
-516 836
-430 883
-333 924
-273 943
-214 958
-167 968
-134 973
-7 982
39 981
69 980
121 975
158 969
208 960
354 916
403 895
466 864
545 817
571 799
607 772
634 750
667 720
709 679
737 649
778 600
794 578
842 506
866 463
889 416
911 366
928 321
951 244
958 217
968 163
975 116
979 74
977 99
981 49
982 0
981 -38
979 -77
973 -133
963 -192
958 -216
921 -341
912 -364
891 -413
858 -477
809 -556
675 -713
652 -734
581 -791
526 -829
490 -851
432 -882
407 -894
317 -929
294 -937
208 -960
144 -971
-33 -981
-75 -979
-154 -970
-213 -959
-292 -938
-341 -921
-402 -896
-462 -866
-501 -845
-567 -802
-609 -770
-653 -733
-694 -695
-712 -676
-763 -619
-795 -576
-822 -537
-844 -502
-870 -456
-895 -404
-913 -362
-940 -285
-947 -260
-965 -180
-976 -111
-982 -7
-978 91
-965 180
-957 221
-951 246
-923 334
-910 369
-878 439
-864 467
-833 520
-800 569
-785 589
-755 628
-723 664
-631 753
-566 802
-516 836
-430 883
-333 924
-273 943
-214 958
-167 968
-134 973
-7 982
39 981
69 980
121 975
158 969
208 960
354 916
403 895
466 864
545 817
571 799
607 772
634 750
667 720
709 679
737 649
778 600
794 578
842 506
866 463
889 416
911 366
928 321
951 244
958 217
968 163
975 116
979 74
11 5
-20 2
0 10
20 2
20 -12
-20 -12
11 5
-20 2
0 12
20 2
20 -12
-20 -12
11 5
-20 2
0 13
20 2
20 -12
-20 -12
11 5
-20 2
0 14
20 2
20 -12
-20 -12
1 4
-999 -331
999 335
999 331
-999 -335
2 4
-999 -331
999 335
999 331
-999 -335
