108
2
6
75
13
1
0
10000
394
8242
1071
3386
8067
6192
1931
7039
7353
1148
2773
6341
2193
6083
42
3459
6795
3981
7336
4362
6228
2722
3407
5248
6010
9990
1758
267
2555
5702
3640
6080
91
2452
4008
6885
8871
205
3031
9501
8900
148
4145
1873
3236
3952
3302
9908
4954
8990
3063
6969
2311
7039
9506
7514
7327
3904
9516
1418
4052
15
976
8292
4097
7569
8603
1799
8677
8055
3752
2363
8387
5111
7359
2971
4163
1582
1388
6809
5533
6363
5635
7372
5092
6180
3557
1387
1419
9775
2906
2390
6113
7165
4371
8121
4519
4600
4204
8047
3822
