50
4 2
1 3 2 4
5 1
4 5 3 2 1
8 6
8 4 4 4 4 4 4 8
6 3
3 2 5 7 9 8
2 1
1 2
2 1
2 1
2 1
2 2
3 1
500 498 499
3 1
500 499 498
3 1
500 500 1
3 2
137 137 137
3 2
137 136 135
3 2
137 135 136
3 2
135 136 137
4 2
5 6 6 5
4 2
6 6 5 5
4 2
5 6 5 6
50 49
1 2 3 4 5 6 7 8 9 10 11 12 13 14 15 16 17 18 19 20 21 22 23 24 25 26 27 28 29 30 31 32 33 34 35 36 37 38 39 40 41 42 43 44 45 46 47 48 49 50
50 1
1 2 3 4 5 6 7 8 9 10 11 12 13 14 15 16 17 18 19 20 21 22 23 24 25 26 27 28 29 30 31 32 33 34 35 36 37 38 39 40 41 42 43 44 45 46 47 48 49 50
50 49
444 444 444 444 444 444 444 444 444 444 444 444 444 444 444 444 444 444 444 444 444 444 444 444 444 444 444 444 444 444 444 444 444 444 444 444 444 444 444 444 444 444 444 444 444 444 444 444 444 444
50 27
333 333 333 333 333 333 333 333 333 333 333 333 333 333 333 333 333 333 333 333 333 333 333 333 333 333 333 333 333 333 333 333 333 333 333 333 333 333 333 333 333 333 333 333 333 333 333 333 333 333
50 29
8 346 348 88 384 91 399 408 410 149 419 424 426 436 436 442 219 462 224 225 229 237 243 247 264 291 307 326 332 334 24 45 368 90 394 96 100 138 414 170 172 179 194 201 204 443 221 487 494 500
24 17
334 354 373 383 414 436 446 148 161 189 211 224 249 266 269 297 326 2 81 105 108 112 138 142
24 12
317 47 59 71 363 172 423 445 236 464 479 489 44 319 327 354 124 389 193 235 457 239 290 290
50 7
10 151 115 338 418 421 429 380 244 27 161 53 351 237 300 92 159 115 219 71 81 483 452 455 39 465 478 299 449 387 389 277 280 284 130 238 16 259 408 117 227 356 134 328 337 457 351 122 478 87
22 10
188 188 28 31 65 372 422 136 139 476 483 485 190 282 308 115 133 430 463 175 6 7
24 5
412 111 176 210 228 169 172 120 370 58 286 429 39 458 157 5 34 339 152 405 75 303 457 50
43 15
19 325 179 64 69 71 73 77 257 474 484 488 499 285 311 162 170 326 188 200 409 449 454 77 78 267 93 103 140 142 314 35 54 333 350 226 247 248 464 259 78 277 283
41 12
6 26 201 49 221 392 249 73 265 96 296 146 166 328 337 471 50 226 73 254 417 422 423 316 319 461 43 359 372 55 394 413 77 285 140 424 435 183 470 207 497
31 21
354 366 60 63 405 413 90 427 101 487 159 194 197 200 220 255 267 270 277 277 298 31 38 382 395 74 80 421 96 470 147
36 8
406 412 10 427 169 63 71 384 80 7 161 169 17 441 345 205 235 280 414 15 302 311 200 73 452 460 472 474 427 195 448 449 5 158 294 297
32 13
265 431 144 384 442 337 363 412 71 98 416 435 449 126 367 67 465 464 132 115 184 200 221 478 489 227 294 403 158 17 213 40
46 36
99 91 74 98 116 409 363 39 198 433 60 230 468 66 365 498 368 129 207 82 37 337 484 311 92 105 38 414 322 312 105 243 440 433 474 70 342 29 394 118 402 479 9 23 32 278
48 44
80 459 249 323 279 176 218 174 143 256 334 116 63 478 63 466 366 493 33 374 21 453 327 12 292 183 60 371 19 223 294 288 45 497 488 56 369 214 284 428 197 110 210 491 183 274 190 59
39 4
15 116 179 169 40 391 17 109 33 382 160 185 344 18 351 87 186 480 5 24 255 138 497 461 211 288 314 289 64 360 296 272 433 432 228 216 236 384 395
28 1
264 41 3 386 314 273 28 97 169 492 5 228 470 331 81 20 122 354 406 255 263 323 85 70 376 382 78 475
44 6
220 259 102 459 144 150 46 332 306 284 479 295 82 233 386 327 92 109 104 275 188 487 88 277 171 295 212 125 150 424 83 421 195 325 398 277 310 500 385 418 184 410 440 495
46 45
338 435 315 299 498 78 341 185 269 27 473 31 54 193 96 111 441 447 72 452 308 212 123 415 14 28 368 83 243 217 101 309 221 344 163 312 131 200 176 352 393 442 228 254 423 456
38 14
70 114 333 337 408 488 420 195 185 494 31 311 229 98 81 184 174 486 234 279 400 203 431 437 363 261 296 154 487 11 228 29 166 470 84 162 355 138
35 12
238 338 364 375 447 266 22 473 418 98 201 423 13 2 270 158 397 1 25 336 103 223 238 112 266 447 205 146 333 278 180 317 341 334 330
29 5
227 56 283 462 115 486 145 394 192 154 183 500 346 179 226 411 35 101 94 101 434 356 400 13 106 147 305 258 285
16 9
257 148 421 278 481 290 99 51 191 33 462 299 9 460 42 199
3 2
157 373 1
11 7
184 292 452 303 108 453 246 290 110 71 182
8 5
456 394 269 392 411 70 273 443
6 4
365 381 117 73 338 288
3 2
299 447 78
13 10
367 408 172 483 342 61 243 448 401 109 190 131 77
17 6
456 147 39 228 417 194 335 443 355 38 75 375 37 301 159 463 92
8 7
449 98 29 437 271 456 264 60
