54
1 7
27 35
8 0
0 8
7 0
0 7
8 32
32 8
7 8
8 7
1 1
0 1
1 0
2147483647 1
1 2147483647
0 2147483647
2147483647 0
46340 46340
1073741824 1
1 1073741824
1073741824 0
0 1073741824
536870912 2
2 536870912
93 26
59 30
16 21
61 5
19 83
15 13
56 22
34 63
43 42
6 62
32417 27383
33604 41774
12419 21173
22242 14997
33848 8322
44700 30156
22820 40679
3877 24820
16632 482
33346 14807
822161 1917
1986514 771
112721 991
348122 2901
1278247 702
690 1622536
106 728186
732 1754706
1209 1154444
1140 1365896
