16
0 5
01010
11111111
3 9
000010000
00011110
3 6
010010
00010000
3 6
001000
00000001
3 6
001000
00000010
3 6
001000
00000100
3 6
100001
00001000
3 6
100001
00010000
3 6
100010
00100000
3 6
100001
01000000
3 6
011111
10000000
100 3
010
10000010
100 100
0000000000111111111100000000001111111111000000000000000000001111111111000000000011111111110000000000
00000000
100 100
0000000000111111111100000000001111111111000000000000000000001111111111000000000011111111110000000000
11111111
100 100
0000000000111111111100000000001111111111000000000000000000001111111111000000000011111111110000000000
10011010
100 100
0000000000000000000000000000000000000000000000000100000000000000000000000000000000000000000000000000
10011010
