50 10 40 30 52
50 10 40 30 50
50 10 40 30 45
50 10 40 30 40
50 10 40 30 30
500 100 100 200 511
500 100 100 200 509
500 100 100 200 491
500 100 100 200 490
500 100 100 200 91
500 100 100 200 89
79 50 69 55 179
79 50 69 55 279
30 1 20 2 10
45 0 30 100 25
15 15 25 5 10
15 999999990 10 999999995 5
40 30 50 10 52
40 30 50 10 50
40 30 50 10 45
40 30 50 10 40
40 30 50 10 30
100 200 500 100 511
100 200 500 100 509
100 200 500 100 491
100 200 500 100 490
100 200 500 100 91
100 200 500 100 89
69 55 79 50 179
69 55 79 50 279
20 2 30 1 10
30 100 45 0 25
25 5 15 15 10
10 999999995 15 999999990 5
0 0 0 0 0