1 2
1 -1 -1
2 -1 -1
-1 -1 -1
1
2
3
-1
10 9
10 9 5
9 7 8
7 6 5
8 5 6
6 5 4
5 2 4
4 3 1
1 -1 3
3 2 -1
2 -1 -1
-1 -1 -1
12
9
8
10
2
3
6
7
1
5
4
-1
1 10
1 2 3
3 6 7
10 11 12
2 4 5
7 -1 -1
12 15 16
4 -1 -1
15 -1 -1
5 -1 -1
6 -1 -1
11 13 14
13 -1 -1
16 -1 -1
14 -1 -1
-1 -1 -1
4
2
1
6
7
3
11
15
16
13
14
12
10
88
-1
999 998
999 998 997
998 997 996
997 996 995
996 995 994
995 994 993
994 993 992
993 992 991
992 991 990
991 990 989
990 989 988
989 988 987
988 987 986
987 986 985
986 985 984
985 984 983
984 983 982
983 982 981
982 981 980
981 980 979
980 979 978
979 978 977
978 977 976
977 976 975
976 975 974
975 974 973
974 973 972
973 972 971
972 971 970
971 970 969
970 969 968
969 968 967
968 967 966
967 966 965
966 965 964
965 964 963
964 963 962
963 962 961
962 961 960
961 960 959
960 959 958
959 958 957
958 957 956
957 956 955
956 955 954
955 954 953
954 953 952
953 952 951
952 951 950
951 950 949
950 949 948
949 948 947
948 947 946
947 946 945
946 945 944
945 944 943
944 943 942
943 942 941
942 941 940
941 940 939
940 939 938
939 938 937
938 937 936
937 936 935
936 935 934
935 934 933
934 933 932
933 932 931
932 931 930
931 930 929
930 929 928
929 928 927
928 927 926
927 926 925
926 925 924
925 924 923
924 923 922
923 922 921
922 921 920
921 920 919
920 919 918
919 918 917
918 917 916
917 916 915
916 915 914
915 914 913
914 913 912
913 912 911
912 911 910
911 910 909
910 909 908
909 908 907
908 907 906
907 906 905
906 905 904
905 904 903
904 903 902
903 902 901
902 901 900
901 900 899
900 899 898
899 898 897
898 897 896
897 896 895
896 895 894
895 894 893
894 893 892
893 892 891
892 891 890
891 890 889
890 889 888
889 888 887
888 887 886
887 886 885
886 885 884
885 884 883
884 883 882
883 882 881
882 881 880
881 880 879
880 879 878
879 878 877
878 877 876
877 876 875
876 875 874
875 874 873
874 873 872
873 872 871
872 871 870
871 870 869
870 869 868
869 868 867
868 867 866
867 866 865
866 865 864
865 864 863
864 863 862
863 862 861
862 861 860
861 860 859
860 859 858
859 858 857
858 857 856
857 856 855
856 855 854
855 854 853
854 853 852
853 852 851
852 851 850
851 850 849
850 849 848
849 848 847
848 847 846
847 846 845
846 845 844
845 844 843
844 843 842
843 842 841
842 841 840
841 840 839
840 839 838
839 838 837
838 837 836
837 836 835
836 835 834
835 834 833
834 833 832
833 832 831
832 831 830
831 830 829
830 829 828
829 828 827
828 827 826
827 826 825
826 825 824
825 824 823
824 823 822
823 822 821
822 821 820
821 820 819
820 819 818
819 818 817
818 817 816
817 816 815
816 815 814
815 814 813
814 813 812
813 812 811
812 811 810
811 810 809
810 809 808
809 808 807
808 807 806
807 806 805
806 805 804
805 804 803
804 803 802
803 802 801
802 801 800
801 800 799
800 799 798
799 798 797
798 797 796
797 796 795
796 795 794
795 794 793
794 793 792
793 792 791
792 791 790
791 790 789
790 789 788
789 788 787
788 787 786
787 786 785
786 785 784
785 784 783
784 783 782
783 782 781
782 781 780
781 780 779
780 779 778
779 778 777
778 777 776
777 776 775
776 775 774
775 774 773
774 773 772
773 772 771
772 771 770
771 770 769
770 769 768
769 768 767
768 767 766
767 766 765
766 765 764
765 764 763
764 763 762
763 762 761
762 761 760
761 760 759
760 759 758
759 758 757
758 757 756
757 756 755
756 755 754
755 754 753
754 753 752
753 752 751
752 751 750
751 750 749
750 749 748
749 748 747
748 747 746
747 746 745
746 745 744
745 744 743
744 743 742
743 742 741
742 741 740
741 740 739
740 739 738
739 738 737
738 737 736
737 736 735
736 735 734
735 734 733
734 733 732
733 732 731
732 731 730
731 730 729
730 729 728
729 728 727
728 727 726
727 726 725
726 725 724
725 724 723
724 723 722
723 722 721
722 721 720
721 720 719
720 719 718
719 718 717
718 717 716
717 716 715
716 715 714
715 714 713
714 713 712
713 712 711
712 711 710
711 710 709
710 709 708
709 708 707
708 707 706
707 706 705
706 705 704
705 704 703
704 703 702
703 702 701
702 701 700
701 700 699
700 699 698
699 698 697
698 697 696
697 696 695
696 695 694
695 694 693
694 693 692
693 692 691
692 691 690
691 690 689
690 689 688
689 688 687
688 687 686
687 686 685
686 685 684
685 684 683
684 683 682
683 682 681
682 681 680
681 680 679
680 679 678
679 678 677
678 677 676
677 676 675
676 675 674
675 674 673
674 673 672
673 672 671
672 671 670
671 670 669
670 669 668
669 668 667
668 667 666
667 666 665
666 665 664
665 664 663
664 663 662
663 662 661
662 661 660
661 660 659
660 659 658
659 658 657
658 657 656
657 656 655
656 655 654
655 654 653
654 653 652
653 652 651
652 651 650
651 650 649
650 649 648
649 648 647
648 647 646
647 646 645
646 645 644
645 644 643
644 643 642
643 642 641
642 641 640
641 640 639
640 639 638
639 638 637
638 637 636
637 636 635
636 635 634
635 634 633
634 633 632
633 632 631
632 631 630
631 630 629
630 629 628
629 628 627
628 627 626
627 626 625
626 625 624
625 624 623
624 623 622
623 622 621
622 621 620
621 620 619
620 619 618
619 618 617
618 617 616
617 616 615
616 615 614
615 614 613
614 613 612
613 612 611
612 611 610
611 610 609
610 609 608
609 608 607
608 607 606
607 606 605
606 605 604
605 604 603
604 603 602
603 602 601
602 601 600
601 600 599
600 599 598
599 598 597
598 597 596
597 596 595
596 595 594
595 594 593
594 593 592
593 592 591
592 591 590
591 590 589
590 589 588
589 588 587
588 587 586
587 586 585
586 585 584
585 584 583
584 583 582
583 582 581
582 581 580
581 580 579
580 579 578
579 578 577
578 577 576
577 576 575
576 575 574
575 574 573
574 573 572
573 572 571
572 571 570
571 570 569
570 569 568
569 568 567
568 567 566
567 566 565
566 565 564
565 564 563
564 563 562
563 562 561
562 561 560
561 560 559
560 559 558
559 558 557
558 557 556
557 556 555
556 555 554
555 554 553
554 553 552
553 552 551
552 551 550
551 550 549
550 549 548
549 548 547
548 547 546
547 546 545
546 545 544
545 544 543
544 543 542
543 542 541
542 541 540
541 540 539
540 539 538
539 538 537
538 537 536
537 536 535
536 535 534
535 534 533
534 533 532
533 532 531
532 531 530
531 530 529
530 529 528
529 528 527
528 527 526
527 526 525
526 525 524
525 524 523
524 523 522
523 522 521
522 521 520
521 520 519
520 519 518
519 518 517
518 517 516
517 516 515
516 515 514
515 514 513
514 513 512
513 512 511
512 511 510
511 510 509
510 509 508
509 508 507
508 507 506
507 506 505
506 505 504
505 504 503
504 503 502
503 502 501
502 501 500
501 500 499
500 499 498
499 498 497
498 497 496
497 496 495
496 495 494
495 494 493
494 493 492
493 492 491
492 491 490
491 490 489
490 489 488
489 488 487
488 487 486
487 486 485
486 485 484
485 484 483
484 483 482
483 482 481
482 481 480
481 480 479
480 479 478
479 478 477
478 477 476
477 476 475
476 475 474
475 474 473
474 473 472
473 472 471
472 471 470
471 470 469
470 469 468
469 468 467
468 467 466
467 466 465
466 465 464
465 464 463
464 463 462
463 462 461
462 461 460
461 460 459
460 459 458
459 458 457
458 457 456
457 456 455
456 455 454
455 454 453
454 453 452
453 452 451
452 451 450
451 450 449
450 449 448
449 448 447
448 447 446
447 446 445
446 445 444
445 444 443
444 443 442
443 442 441
442 441 440
441 440 439
440 439 438
439 438 437
438 437 436
437 436 435
436 435 434
435 434 433
434 433 432
433 432 431
432 431 430
431 430 429
430 429 428
429 428 427
428 427 426
427 426 425
426 425 424
425 424 423
424 423 422
423 422 421
422 421 420
421 420 419
420 419 418
419 418 417
418 417 416
417 416 415
416 415 414
415 414 413
414 413 412
413 412 411
412 411 410
411 410 409
410 409 408
409 408 407
408 407 406
407 406 405
406 405 404
405 404 403
404 403 402
403 402 401
402 401 400
401 400 399
400 399 398
399 398 397
398 397 396
397 396 395
396 395 394
395 394 393
394 393 392
393 392 391
392 391 390
391 390 389
390 389 388
389 388 387
388 387 386
387 386 385
386 385 384
385 384 383
384 383 382
383 382 381
382 381 380
381 380 379
380 379 378
379 378 377
378 377 376
377 376 375
376 375 374
375 374 373
374 373 372
373 372 371
372 371 370
371 370 369
370 369 368
369 368 367
368 367 366
367 366 365
366 365 364
365 364 363
364 363 362
363 362 361
362 361 360
361 360 359
360 359 358
359 358 357
358 357 356
357 356 355
356 355 354
355 354 353
354 353 352
353 352 351
352 351 350
351 350 349
350 349 348
349 348 347
348 347 346
347 346 345
346 345 344
345 344 343
344 343 342
343 342 341
342 341 340
341 340 339
340 339 338
339 338 337
338 337 336
337 336 335
336 335 334
335 334 333
334 333 332
333 332 331
332 331 330
331 330 329
330 329 328
329 328 327
328 327 326
327 326 325
326 325 324
325 324 323
324 323 322
323 322 321
322 321 320
321 320 319
320 319 318
319 318 317
318 317 316
317 316 315
316 315 314
315 314 313
314 313 312
313 312 311
312 311 310
311 310 309
310 309 308
309 308 307
308 307 306
307 306 305
306 305 304
305 304 303
304 303 302
303 302 301
302 301 300
301 300 299
300 299 298
299 298 297
298 297 296
297 296 295
296 295 294
295 294 293
294 293 292
293 292 291
292 291 290
291 290 289
290 289 288
289 288 287
288 287 286
287 286 285
286 285 284
285 284 283
284 283 282
283 282 281
282 281 280
281 280 279
280 279 278
279 278 277
278 277 276
277 276 275
276 275 274
275 274 273
274 273 272
273 272 271
272 271 270
271 270 269
270 269 268
269 268 267
268 267 266
267 266 265
266 265 264
265 264 263
264 263 262
263 262 261
262 261 260
261 260 259
260 259 258
259 258 257
258 257 256
257 256 255
256 255 254
255 254 253
254 253 252
253 252 251
252 251 250
251 250 249
250 249 248
249 248 247
248 247 246
247 246 245
246 245 244
245 244 243
244 243 242
243 242 241
242 241 240
241 240 239
240 239 238
239 238 237
238 237 236
237 236 235
236 235 234
235 234 233
234 233 232
233 232 231
232 231 230
231 230 229
230 229 228
229 228 227
228 227 226
227 226 225
226 225 224
225 224 223
224 223 222
223 222 221
222 221 220
221 220 219
220 219 218
219 218 217
218 217 216
217 216 215
216 215 214
215 214 213
214 213 212
213 212 211
212 211 210
211 210 209
210 209 208
209 208 207
208 207 206
207 206 205
206 205 204
205 204 203
204 203 202
203 202 201
202 201 200
201 200 199
200 199 198
199 198 197
198 197 196
197 196 195
196 195 194
195 194 193
194 193 192
193 192 191
192 191 190
191 190 189
190 189 188
189 188 187
188 187 186
187 186 185
186 185 184
185 184 183
184 183 182
183 182 181
182 181 180
181 180 179
180 179 178
179 178 177
178 177 176
177 176 175
176 175 174
175 174 173
174 173 172
173 172 171
172 171 170
171 170 169
170 169 168
169 168 167
168 167 166
167 166 165
166 165 164
165 164 163
164 163 162
163 162 161
162 161 160
161 160 159
160 159 158
159 158 157
158 157 156
157 156 155
156 155 154
155 154 153
154 153 152
153 152 151
152 151 150
151 150 149
150 149 148
149 148 147
148 147 146
147 146 145
146 145 144
145 144 143
144 143 142
143 142 141
142 141 140
141 140 139
140 139 138
139 138 137
138 137 136
137 136 135
136 135 134
135 134 133
134 133 132
133 132 131
132 131 130
131 130 129
130 129 128
129 128 127
128 127 126
127 126 125
126 125 124
125 124 123
124 123 122
123 122 121
122 121 120
121 120 119
120 119 118
119 118 117
118 117 116
117 116 115
116 115 114
115 114 113
114 113 112
113 112 111
112 111 110
111 110 109
110 109 108
109 108 107
108 107 106
107 106 105
106 105 104
105 104 103
104 103 102
103 102 101
102 101 100
101 100 99
100 99 98
99 98 97
98 97 96
97 96 95
96 95 94
95 94 93
94 93 92
93 92 91
92 91 90
91 90 89
90 89 88
89 88 87
88 87 86
87 86 85
86 85 84
85 84 83
84 83 82
83 82 81
82 81 80
81 80 79
80 79 78
79 78 77
78 77 76
77 76 75
76 75 74
75 74 73
74 73 72
73 72 71
72 71 70
71 70 69
70 69 68
69 68 67
68 67 66
67 66 65
66 65 64
65 64 63
64 63 62
63 62 61
62 61 60
61 60 59
60 59 58
59 58 57
58 57 56
57 56 55
56 55 54
55 54 53
54 53 52
53 52 51
52 51 50
51 50 49
50 49 48
49 48 47
48 47 46
47 46 45
46 45 44
45 44 43
44 43 42
43 42 41
42 41 40
41 40 39
40 39 38
39 38 37
38 37 36
37 36 35
36 35 34
35 34 33
34 33 32
33 32 31
32 31 30
31 30 29
30 29 28
29 28 27
28 27 26
27 26 25
26 25 24
25 24 23
24 23 22
23 22 21
22 21 20
21 20 19
20 19 18
19 18 17
18 17 16
17 16 15
16 15 14
15 14 13
14 13 12
13 12 11
12 11 10
11 10 9
10 9 8
9 8 7
8 7 6
7 6 5
6 5 4
5 4 3
4 3 2
3 2 1
2 1 -1
1 -1 -1
-1 -1 -1
999
998
997
996
995
994
993
992
991
990
989
988
987
986
985
984
983
982
981
980
979
978
977
976
975
974
973
972
971
970
969
968
967
966
965
964
963
962
961
960
959
958
957
956
955
954
953
952
951
950
949
948
947
946
945
944
943
942
941
940
939
938
937
936
935
934
933
932
931
930
929
928
927
926
925
924
923
922
921
920
919
918
917
916
915
914
913
912
911
910
909
908
907
906
905
904
903
902
901
900
899
898
897
896
895
894
893
892
891
890
889
888
887
886
885
884
883
882
881
880
879
878
877
876
875
874
873
872
871
870
869
868
867
866
865
864
863
862
861
860
859
858
857
856
855
854
853
852
851
850
849
848
847
846
845
844
843
842
841
840
839
838
837
836
835
834
833
832
831
830
829
828
827
826
825
824
823
822
821
820
819
818
817
816
815
814
813
812
811
810
809
808
807
806
805
804
803
802
801
800
799
798
797
796
795
794
793
792
791
790
789
788
787
786
785
784
783
782
781
780
779
778
777
776
775
774
773
772
771
770
769
768
767
766
765
764
763
762
761
760
759
758
757
756
755
754
753
752
751
750
749
748
747
746
745
744
743
742
741
740
739
738
737
736
735
734
733
732
731
730
729
728
727
726
725
724
723
722
721
720
719
718
717
716
715
714
713
712
711
710
709
708
707
706
705
704
703
702
701
700
699
698
697
696
695
694
693
692
691
690
689
688
687
686
685
684
683
682
681
680
679
678
677
676
675
674
673
672
671
670
669
668
667
666
665
664
663
662
661
660
659
658
657
656
655
654
653
652
651
650
649
648
647
646
645
644
643
642
641
640
639
638
637
636
635
634
633
632
631
630
629
628
627
626
625
624
623
622
621
620
619
618
617
616
615
614
613
612
611
610
609
608
607
606
605
604
603
602
601
600
599
598
597
596
595
594
593
592
591
590
589
588
587
586
585
584
583
582
581
580
579
578
577
576
575
574
573
572
571
570
569
568
567
566
565
564
563
562
561
560
559
558
557
556
555
554
553
552
551
550
549
548
547
546
545
544
543
542
541
540
539
538
537
536
535
534
533
532
531
530
529
528
527
526
525
524
523
522
521
520
519
518
517
516
515
514
513
512
511
510
509
508
507
506
505
504
503
502
501
500
499
498
497
496
495
494
493
492
491
490
489
488
487
486
485
484
483
482
481
480
479
478
477
476
475
474
473
472
471
470
469
468
467
466
465
464
463
462
461
460
459
458
457
456
455
454
453
452
451
450
449
448
447
446
445
444
443
442
441
440
439
438
437
436
435
434
433
432
431
430
429
428
427
426
425
424
423
422
421
420
419
418
417
416
415
414
413
412
411
410
409
408
407
406
405
404
403
402
401
400
399
398
397
396
395
394
393
392
391
390
389
388
387
386
385
384
383
382
381
380
379
378
377
376
375
374
373
372
371
370
369
368
367
366
365
364
363
362
361
360
359
358
357
356
355
354
353
352
351
350
349
348
347
346
345
344
343
342
341
340
339
338
337
336
335
334
333
332
331
330
329
328
327
326
325
324
323
322
321
320
319
318
317
316
315
314
313
312
311
310
309
308
307
306
305
304
303
302
301
300
299
298
297
296
295
294
293
292
291
290
289
288
287
286
285
284
283
282
281
280
279
278
277
276
275
274
273
272
271
270
269
268
267
266
265
264
263
262
261
260
259
258
257
256
255
254
253
252
251
250
249
248
247
246
245
244
243
242
241
240
239
238
237
236
235
234
233
232
231
230
229
228
227
226
225
224
223
222
221
220
219
218
217
216
215
214
213
212
211
210
209
208
207
206
205
204
203
202
201
200
199
198
197
196
195
194
193
192
191
190
189
188
187
186
185
184
183
182
181
180
179
178
177
176
175
174
173
172
171
170
169
168
167
166
165
164
163
162
161
160
159
158
157
156
155
154
153
152
151
150
149
148
147
146
145
144
143
142
141
140
139
138
137
136
135
134
133
132
131
130
129
128
127
126
125
124
123
122
121
120
119
118
117
116
115
114
113
112
111
110
109
108
107
106
105
104
103
102
101
100
99
98
97
96
95
94
93
92
91
90
89
88
87
86
85
84
83
82
81
80
79
78
77
76
75
74
73
72
71
70
69
68
67
66
65
64
63
62
61
60
59
58
57
56
55
54
53
52
51
50
49
48
47
46
45
44
43
42
41
40
39
38
37
36
35
34
33
32
31
30
29
28
27
26
25
24
23
22
21
20
19
18
17
16
15
14
13
12
11
10
9
8
7
6
5
4
3
2
1
-1
999 998
999 998 998
998 997 997
997 996 996
996 995 995
995 994 994
994 993 993
993 992 992
992 991 991
991 990 990
990 989 989
989 988 988
988 987 987
987 986 986
986 985 985
985 984 984
984 983 983
983 982 982
982 981 981
981 980 980
980 979 979
979 978 978
978 977 977
977 976 976
976 975 975
975 974 974
974 973 973
973 972 972
972 971 971
971 970 970
970 969 969
969 968 968
968 967 967
967 966 966
966 965 965
965 964 964
964 963 963
963 962 962
962 961 961
961 960 960
960 959 959
959 958 958
958 957 957
957 956 956
956 955 955
955 954 954
954 953 953
953 952 952
952 951 951
951 950 950
950 949 949
949 948 948
948 947 947
947 946 946
946 945 945
945 944 944
944 943 943
943 942 942
942 941 941
941 940 940
940 939 939
939 938 938
938 937 937
937 936 936
936 935 935
935 934 934
934 933 933
933 932 932
932 931 931
931 930 930
930 929 929
929 928 928
928 927 927
927 926 926
926 925 925
925 924 924
924 923 923
923 922 922
922 921 921
921 920 920
920 919 919
919 918 918
918 917 917
917 916 916
916 915 915
915 914 914
914 913 913
913 912 912
912 911 911
911 910 910
910 909 909
909 908 908
908 907 907
907 906 906
906 905 905
905 904 904
904 903 903
903 902 902
902 901 901
901 900 900
900 899 899
899 898 898
898 897 897
897 896 896
896 895 895
895 894 894
894 893 893
893 892 892
892 891 891
891 890 890
890 889 889
889 888 888
888 887 887
887 886 886
886 885 885
885 884 884
884 883 883
883 882 882
882 881 881
881 880 880
880 879 879
879 878 878
878 877 877
877 876 876
876 875 875
875 874 874
874 873 873
873 872 872
872 871 871
871 870 870
870 869 869
869 868 868
868 867 867
867 866 866
866 865 865
865 864 864
864 863 863
863 862 862
862 861 861
861 860 860
860 859 859
859 858 858
858 857 857
857 856 856
856 855 855
855 854 854
854 853 853
853 852 852
852 851 851
851 850 850
850 849 849
849 848 848
848 847 847
847 846 846
846 845 845
845 844 844
844 843 843
843 842 842
842 841 841
841 840 840
840 839 839
839 838 838
838 837 837
837 836 836
836 835 835
835 834 834
834 833 833
833 832 832
832 831 831
831 830 830
830 829 829
829 828 828
828 827 827
827 826 826
826 825 825
825 824 824
824 823 823
823 822 822
822 821 821
821 820 820
820 819 819
819 818 818
818 817 817
817 816 816
816 815 815
815 814 814
814 813 813
813 812 812
812 811 811
811 810 810
810 809 809
809 808 808
808 807 807
807 806 806
806 805 805
805 804 804
804 803 803
803 802 802
802 801 801
801 800 800
800 799 799
799 798 798
798 797 797
797 796 796
796 795 795
795 794 794
794 793 793
793 792 792
792 791 791
791 790 790
790 789 789
789 788 788
788 787 787
787 786 786
786 785 785
785 784 784
784 783 783
783 782 782
782 781 781
781 780 780
780 779 779
779 778 778
778 777 777
777 776 776
776 775 775
775 774 774
774 773 773
773 772 772
772 771 771
771 770 770
770 769 769
769 768 768
768 767 767
767 766 766
766 765 765
765 764 764
764 763 763
763 762 762
762 761 761
761 760 760
760 759 759
759 758 758
758 757 757
757 756 756
756 755 755
755 754 754
754 753 753
753 752 752
752 751 751
751 750 750
750 749 749
749 748 748
748 747 747
747 746 746
746 745 745
745 744 744
744 743 743
743 742 742
742 741 741
741 740 740
740 739 739
739 738 738
738 737 737
737 736 736
736 735 735
735 734 734
734 733 733
733 732 732
732 731 731
731 730 730
730 729 729
729 728 728
728 727 727
727 726 726
726 725 725
725 724 724
724 723 723
723 722 722
722 721 721
721 720 720
720 719 719
719 718 718
718 717 717
717 716 716
716 715 715
715 714 714
714 713 713
713 712 712
712 711 711
711 710 710
710 709 709
709 708 708
708 707 707
707 706 706
706 705 705
705 704 704
704 703 703
703 702 702
702 701 701
701 700 700
700 699 699
699 698 698
698 697 697
697 696 696
696 695 695
695 694 694
694 693 693
693 692 692
692 691 691
691 690 690
690 689 689
689 688 688
688 687 687
687 686 686
686 685 685
685 684 684
684 683 683
683 682 682
682 681 681
681 680 680
680 679 679
679 678 678
678 677 677
677 676 676
676 675 675
675 674 674
674 673 673
673 672 672
672 671 671
671 670 670
670 669 669
669 668 668
668 667 667
667 666 666
666 665 665
665 664 664
664 663 663
663 662 662
662 661 661
661 660 660
660 659 659
659 658 658
658 657 657
657 656 656
656 655 655
655 654 654
654 653 653
653 652 652
652 651 651
651 650 650
650 649 649
649 648 648
648 647 647
647 646 646
646 645 645
645 644 644
644 643 643
643 642 642
642 641 641
641 640 640
640 639 639
639 638 638
638 637 637
637 636 636
636 635 635
635 634 634
634 633 633
633 632 632
632 631 631
631 630 630
630 629 629
629 628 628
628 627 627
627 626 626
626 625 625
625 624 624
624 623 623
623 622 622
622 621 621
621 620 620
620 619 619
619 618 618
618 617 617
617 616 616
616 615 615
615 614 614
614 613 613
613 612 612
612 611 611
611 610 610
610 609 609
609 608 608
608 607 607
607 606 606
606 605 605
605 604 604
604 603 603
603 602 602
602 601 601
601 600 600
600 599 599
599 598 598
598 597 597
597 596 596
596 595 595
595 594 594
594 593 593
593 592 592
592 591 591
591 590 590
590 589 589
589 588 588
588 587 587
587 586 586
586 585 585
585 584 584
584 583 583
583 582 582
582 581 581
581 580 580
580 579 579
579 578 578
578 577 577
577 576 576
576 575 575
575 574 574
574 573 573
573 572 572
572 571 571
571 570 570
570 569 569
569 568 568
568 567 567
567 566 566
566 565 565
565 564 564
564 563 563
563 562 562
562 561 561
561 560 560
560 559 559
559 558 558
558 557 557
557 556 556
556 555 555
555 554 554
554 553 553
553 552 552
552 551 551
551 550 550
550 549 549
549 548 548
548 547 547
547 546 546
546 545 545
545 544 544
544 543 543
543 542 542
542 541 541
541 540 540
540 539 539
539 538 538
538 537 537
537 536 536
536 535 535
535 534 534
534 533 533
533 532 532
532 531 531
531 530 530
530 529 529
529 528 528
528 527 527
527 526 526
526 525 525
525 524 524
524 523 523
523 522 522
522 521 521
521 520 520
520 519 519
519 518 518
518 517 517
517 516 516
516 515 515
515 514 514
514 513 513
513 512 512
512 511 511
511 510 510
510 509 509
509 508 508
508 507 507
507 506 506
506 505 505
505 504 504
504 503 503
503 502 502
502 501 501
501 500 500
500 499 499
499 498 498
498 497 497
497 496 496
496 495 495
495 494 494
494 493 493
493 492 492
492 491 491
491 490 490
490 489 489
489 488 488
488 487 487
487 486 486
486 485 485
485 484 484
484 483 483
483 482 482
482 481 481
481 480 480
480 479 479
479 478 478
478 477 477
477 476 476
476 475 475
475 474 474
474 473 473
473 472 472
472 471 471
471 470 470
470 469 469
469 468 468
468 467 467
467 466 466
466 465 465
465 464 464
464 463 463
463 462 462
462 461 461
461 460 460
460 459 459
459 458 458
458 457 457
457 456 456
456 455 455
455 454 454
454 453 453
453 452 452
452 451 451
451 450 450
450 449 449
449 448 448
448 447 447
447 446 446
446 445 445
445 444 444
444 443 443
443 442 442
442 441 441
441 440 440
440 439 439
439 438 438
438 437 437
437 436 436
436 435 435
435 434 434
434 433 433
433 432 432
432 431 431
431 430 430
430 429 429
429 428 428
428 427 427
427 426 426
426 425 425
425 424 424
424 423 423
423 422 422
422 421 421
421 420 420
420 419 419
419 418 418
418 417 417
417 416 416
416 415 415
415 414 414
414 413 413
413 412 412
412 411 411
411 410 410
410 409 409
409 408 408
408 407 407
407 406 406
406 405 405
405 404 404
404 403 403
403 402 402
402 401 401
401 400 400
400 399 399
399 398 398
398 397 397
397 396 396
396 395 395
395 394 394
394 393 393
393 392 392
392 391 391
391 390 390
390 389 389
389 388 388
388 387 387
387 386 386
386 385 385
385 384 384
384 383 383
383 382 382
382 381 381
381 380 380
380 379 379
379 378 378
378 377 377
377 376 376
376 375 375
375 374 374
374 373 373
373 372 372
372 371 371
371 370 370
370 369 369
369 368 368
368 367 367
367 366 366
366 365 365
365 364 364
364 363 363
363 362 362
362 361 361
361 360 360
360 359 359
359 358 358
358 357 357
357 356 356
356 355 355
355 354 354
354 353 353
353 352 352
352 351 351
351 350 350
350 349 349
349 348 348
348 347 347
347 346 346
346 345 345
345 344 344
344 343 343
343 342 342
342 341 341
341 340 340
340 339 339
339 338 338
338 337 337
337 336 336
336 335 335
335 334 334
334 333 333
333 332 332
332 331 331
331 330 330
330 329 329
329 328 328
328 327 327
327 326 326
326 325 325
325 324 324
324 323 323
323 322 322
322 321 321
321 320 320
320 319 319
319 318 318
318 317 317
317 316 316
316 315 315
315 314 314
314 313 313
313 312 312
312 311 311
311 310 310
310 309 309
309 308 308
308 307 307
307 306 306
306 305 305
305 304 304
304 303 303
303 302 302
302 301 301
301 300 300
300 299 299
299 298 298
298 297 297
297 296 296
296 295 295
295 294 294
294 293 293
293 292 292
292 291 291
291 290 290
290 289 289
289 288 288
288 287 287
287 286 286
286 285 285
285 284 284
284 283 283
283 282 282
282 281 281
281 280 280
280 279 279
279 278 278
278 277 277
277 276 276
276 275 275
275 274 274
274 273 273
273 272 272
272 271 271
271 270 270
270 269 269
269 268 268
268 267 267
267 266 266
266 265 265
265 264 264
264 263 263
263 262 262
262 261 261
261 260 260
260 259 259
259 258 258
258 257 257
257 256 256
256 255 255
255 254 254
254 253 253
253 252 252
252 251 251
251 250 250
250 249 249
249 248 248
248 247 247
247 246 246
246 245 245
245 244 244
244 243 243
243 242 242
242 241 241
241 240 240
240 239 239
239 238 238
238 237 237
237 236 236
236 235 235
235 234 234
234 233 233
233 232 232
232 231 231
231 230 230
230 229 229
229 228 228
228 227 227
227 226 226
226 225 225
225 224 224
224 223 223
223 222 222
222 221 221
221 220 220
220 219 219
219 218 218
218 217 217
217 216 216
216 215 215
215 214 214
214 213 213
213 212 212
212 211 211
211 210 210
210 209 209
209 208 208
208 207 207
207 206 206
206 205 205
205 204 204
204 203 203
203 202 202
202 201 201
201 200 200
200 199 199
199 198 198
198 197 197
197 196 196
196 195 195
195 194 194
194 193 193
193 192 192
192 191 191
191 190 190
190 189 189
189 188 188
188 187 187
187 186 186
186 185 185
185 184 184
184 183 183
183 182 182
182 181 181
181 180 180
180 179 179
179 178 178
178 177 177
177 176 176
176 175 175
175 174 174
174 173 173
173 172 172
172 171 171
171 170 170
170 169 169
169 168 168
168 167 167
167 166 166
166 165 165
165 164 164
164 163 163
163 162 162
162 161 161
161 160 160
160 159 159
159 158 158
158 157 157
157 156 156
156 155 155
155 154 154
154 153 153
153 152 152
152 151 151
151 150 150
150 149 149
149 148 148
148 147 147
147 146 146
146 145 145
145 144 144
144 143 143
143 142 142
142 141 141
141 140 140
140 139 139
139 138 138
138 137 137
137 136 136
136 135 135
135 134 134
134 133 133
133 132 132
132 131 131
131 130 130
130 129 129
129 128 128
128 127 127
127 126 126
126 125 125
125 124 124
124 123 123
123 122 122
122 121 121
121 120 120
120 119 119
119 118 118
118 117 117
117 116 116
116 115 115
115 114 114
114 113 113
113 112 112
112 111 111
111 110 110
110 109 109
109 108 108
108 107 107
107 106 106
106 105 105
105 104 104
104 103 103
103 102 102
102 101 101
101 100 100
100 99 99
99 98 98
98 97 97
97 96 96
96 95 95
95 94 94
94 93 93
93 92 92
92 91 91
91 90 90
90 89 89
89 88 88
88 87 87
87 86 86
86 85 85
85 84 84
84 83 83
83 82 82
82 81 81
81 80 80
80 79 79
79 78 78
78 77 77
77 76 76
76 75 75
75 74 74
74 73 73
73 72 72
72 71 71
71 70 70
70 69 69
69 68 68
68 67 67
67 66 66
66 65 65
65 64 64
64 63 63
63 62 62
62 61 61
61 60 60
60 59 59
59 58 58
58 57 57
57 56 56
56 55 55
55 54 54
54 53 53
53 52 52
52 51 51
51 50 50
50 49 49
49 48 48
48 47 47
47 46 46
46 45 45
45 44 44
44 43 43
43 42 42
42 41 41
41 40 40
40 39 39
39 38 38
38 37 37
37 36 36
36 35 35
35 34 34
34 33 33
33 32 32
32 31 31
31 30 30
30 29 29
29 28 28
28 27 27
27 26 26
26 25 25
25 24 24
24 23 23
23 22 22
22 21 21
21 20 20
20 19 19
19 18 18
18 17 17
17 16 16
16 15 15
15 14 14
14 13 13
13 12 12
12 11 11
11 10 10
10 9 9
9 8 8
8 7 7
7 6 6
6 5 5
5 4 4
4 2 3
3 2 1
2 1 -1
1 -1 -1
-1 -1 -1
999
998
997
996
995
994
993
992
991
990
989
988
987
986
985
984
983
982
981
980
979
978
977
976
975
974
973
972
971
970
969
968
967
966
965
964
963
962
961
960
959
958
957
956
955
954
953
952
951
950
949
948
947
946
945
944
943
942
941
940
939
938
937
936
935
934
933
932
931
930
929
928
927
926
925
924
923
922
921
920
919
918
917
916
915
914
913
912
911
910
909
908
907
906
905
904
903
902
901
900
899
898
897
896
895
894
893
892
891
890
889
888
887
886
885
884
883
882
881
880
879
878
877
876
875
874
873
872
871
870
869
868
867
866
865
864
863
862
861
860
859
858
857
856
855
854
853
852
851
850
849
848
847
846
845
844
843
842
841
840
839
838
837
836
835
834
833
832
831
830
829
828
827
826
825
824
823
822
821
820
819
818
817
816
815
814
813
812
811
810
809
808
807
806
805
804
803
802
801
800
799
798
797
796
795
794
793
792
791
790
789
788
787
786
785
784
783
782
781
780
779
778
777
776
775
774
773
772
771
770
769
768
767
766
765
764
763
762
761
760
759
758
757
756
755
754
753
752
751
750
749
748
747
746
745
744
743
742
741
740
739
738
737
736
735
734
733
732
731
730
729
728
727
726
725
724
723
722
721
720
719
718
717
716
715
714
713
712
711
710
709
708
707
706
705
704
703
702
701
700
699
698
697
696
695
694
693
692
691
690
689
688
687
686
685
684
683
682
681
680
679
678
677
676
675
674
673
672
671
670
669
668
667
666
665
664
663
662
661
660
659
658
657
656
655
654
653
652
651
650
649
648
647
646
645
644
643
642
641
640
639
638
637
636
635
634
633
632
631
630
629
628
627
626
625
624
623
622
621
620
619
618
617
616
615
614
613
612
611
610
609
608
607
606
605
604
603
602
601
600
599
598
597
596
595
594
593
592
591
590
589
588
587
586
585
584
583
582
581
580
579
578
577
576
575
574
573
572
571
570
569
568
567
566
565
564
563
562
561
560
559
558
557
556
555
554
553
552
551
550
549
548
547
546
545
544
543
542
541
540
539
538
537
536
535
534
533
532
531
530
529
528
527
526
525
524
523
522
521
520
519
518
517
516
515
514
513
512
511
510
509
508
507
506
505
504
503
502
501
500
499
498
497
496
495
494
493
492
491
490
489
488
487
486
485
484
483
482
481
480
479
478
477
476
475
474
473
472
471
470
469
468
467
466
465
464
463
462
461
460
459
458
457
456
455
454
453
452
451
450
449
448
447
446
445
444
443
442
441
440
439
438
437
436
435
434
433
432
431
430
429
428
427
426
425
424
423
422
421
420
419
418
417
416
415
414
413
412
411
410
409
408
407
406
405
404
403
402
401
400
399
398
397
396
395
394
393
392
391
390
389
388
387
386
385
384
383
382
381
380
379
378
377
376
375
374
373
372
371
370
369
368
367
366
365
364
363
362
361
360
359
358
357
356
355
354
353
352
351
350
349
348
347
346
345
344
343
342
341
340
339
338
337
336
335
334
333
332
331
330
329
328
327
326
325
324
323
322
321
320
319
318
317
316
315
314
313
312
311
310
309
308
307
306
305
304
303
302
301
300
299
298
297
296
295
294
293
292
291
290
289
288
287
286
285
284
283
282
281
280
279
278
277
276
275
274
273
272
271
270
269
268
267
266
265
264
263
262
261
260
259
258
257
256
255
254
253
252
251
250
249
248
247
246
245
244
243
242
241
240
239
238
237
236
235
234
233
232
231
230
229
228
227
226
225
224
223
222
221
220
219
218
217
216
215
214
213
212
211
210
209
208
207
206
205
204
203
202
201
200
199
198
197
196
195
194
193
192
191
190
189
188
187
186
185
184
183
182
181
180
179
178
177
176
175
174
173
172
171
170
169
168
167
166
165
164
163
162
161
160
159
158
157
156
155
154
153
152
151
150
149
148
147
146
145
144
143
142
141
140
139
138
137
136
135
134
133
132
131
130
129
128
127
126
125
124
123
122
121
120
119
118
117
116
115
114
113
112
111
110
109
108
107
106
105
104
103
102
101
100
99
98
97
96
95
94
93
92
91
90
89
88
87
86
85
84
83
82
81
80
79
78
77
76
75
74
73
72
71
70
69
68
67
66
65
64
63
62
61
60
59
58
57
56
55
54
53
52
51
50
49
48
47
46
45
44
43
42
41
40
39
38
37
36
35
34
33
32
31
30
29
28
27
26
25
24
23
22
21
20
19
18
17
16
15
14
13
12
11
10
9
8
7
6
5
4
3
2
1
-1
1 1
1 2 3
2 4 5
3 6 7
4 8 9
5 10 11
6 12 13
7 14 15
8 16 17
9 18 19
10 20 21
11 22 23
12 24 25
13 26 27
14 28 29
15 30 31
16 32 33
17 34 35
18 36 37
19 38 39
20 40 41
21 42 43
22 44 45
23 46 47
24 48 49
25 50 51
26 52 53
27 54 55
28 56 57
29 58 59
30 60 61
31 62 63
32 64 64
33 64 64
34 64 64
35 64 64
36 64 64
37 64 64
38 64 64
39 64 64
40 64 64
41 64 64
42 64 64
43 64 64
44 64 64
45 64 64
46 64 64
47 64 64
48 64 64
49 64 64
50 64 64
51 64 64
52 64 64
53 64 64
54 64 64
55 64 64
56 64 64
57 64 64
58 64 64
59 64 64
60 64 64
61 64 64
62 64 64
63 64 64
64 65 66
65 67 68
66 69 70
67 71 72
68 73 74
69 75 76
70 77 78
71 79 80
72 81 82
73 83 84
74 85 86
75 87 88
76 89 90
77 91 92
78 93 94
79 95 96
80 97 98
81 99 100
82 101 102
83 103 104
84 105 106
85 107 108
86 109 110
87 111 112
88 113 114
89 115 116
90 117 118
91 119 120
92 121 122
93 123 124
94 125 126
95 -1 -1
96 -1 -1
97 -1 -1
98 -1 -1
99 -1 -1
100 -1 -1
101 -1 -1
102 -1 -1
103 -1 -1
104 -1 -1
105 -1 -1
106 -1 -1
107 -1 -1
108 -1 -1
109 -1 -1
110 -1 -1
111 -1 -1
112 -1 -1
113 -1 -1
114 -1 -1
115 -1 -1
116 -1 -1
117 -1 -1
118 -1 -1
119 -1 -1
120 -1 -1
121 -1 -1
122 -1 -1
123 -1 -1
124 -1 -1
125 -1 -1
126 -1 -1
-1 -1 -1
1
2
3
4
5
6
7
8
9
10
11
12
13
14
15
16
17
18
19
20
21
22
23
24
25
26
27
28
29
30
31
32
33
34
35
36
37
38
39
40
41
42
43
44
45
46
47
48
49
50
51
52
53
54
55
56
57
58
59
60
61
62
63
64
65
66
67
68
69
70
71
72
73
74
75
76
77
78
79
80
81
82
83
84
85
86
87
88
89
90
91
92
93
94
95
96
97
98
99
100
101
102
103
104
105
106
107
108
109
110
111
112
113
114
115
116
117
118
119
120
121
122
123
124
125
126
-1
999 998
999 382 725
998 235 452
725 613 677
677 442 537
613 473 68
537 481 197
481 139 455
473 401 422
455 314 292
452 62 124
442 126 281
422 354 97
401 147 126
382 74 38
354 161 333
333 141 59
314 307 171
307 26 294
294 164 247
292 77 269
281 264 261
269 139 137
264 89 153
261 125 154
247 211 52
235 218 85
218 201 195
211 24 165
201 193 44
197 109 134
195 36 184
193 175 90
184 164 130
175 126 164
171 25 1
165 2 89
164 130 9
161 36 149
154 73 121
153 72 146
149 81 1
147 145 4
146 24 39
145 135 69
141 9 64
139 13 61
137 61 34
135 115 65
134 30 79
130 95 43
126 76 71
125 30 12
124 36 43
121 69 6
115 28 53
109 46 105
105 94 100
100 90 5
97 42 68
95 17 19
94 14 14
90 45 63
89 14 27
85 5 67
81 63 77
79 20 36
77 58 27
76 31 62
74 44 26
73 69 39
72 58 69
71 28 39
69 17 9
68 -1 34
67 40 22
65 56 47
64 47 17
63 1 51
62 37 32
61 54 10
59 58 38
58 19 18
56 8 33
54 3 22
53 51 -1
52 31 26
51 26 33
47 41 45
46 7 23
45 4 29
44 18 41
43 26 32
42 36 32
41 11 31
40 4 6
39 28 10
38 28 21
37 4 1
36 11 22
34 22 33
33 17 19
32 29 15
31 22 2
30 15 23
29 -1 13
28 11 14
27 15 24
26 14 5
25 22 17
24 9 19
23 10 10
22 7 1
21 20 7
20 5 6
19 5 13
18 9 9
17 9 16
16 9 14
15 1 13
14 2 13
13 9 7
12 2 9
11 10 2
10 5 8
9 4 2
8 1 -1
7 3 2
6 1 2
5 4 4
4 -1 2
3 2 1
2 1 1
1 -1 -1
-1 -1 -1
652
816
850
641
164
109
689
376
158
808
2
310
863
314
869
60
492
428
363
712
1
2
3
4
5
6
7
8
9
10
11
12
13
14
15
16
17
18
19
20
21
22
23
24
25
26
27
28
29
30
-1
999 998
999 473 800
998 642 961
961 584 385
800 745 635
745 509 97
642 355 376
635 473 436
584 533 225
533 531 106
531 427 474
509 473 132
474 247 35
473 459 8
459 421 383
436 204 346
427 14 160
421 272 224
385 265 329
383 19 41
376 323 73
355 48 339
346 256 238
339 217 336
336 161 106
329 320 159
323 320 181
320 26 319
319 296 60
296 6 162
272 84 251
265 6 6
256 137 207
251 221 75
247 153 190
238 19 138
225 34 149
224 19 50
221 35 149
217 215 22
215 110 68
207 132 27
204 75 119
190 126 3
181 166 100
166 135 138
162 76 71
161 102 26
160 117 13
159 116 156
156 154 65
154 32 137
153 93 25
149 19 -1
138 81 98
137 66 17
135 124 60
132 5 20
126 121 6
124 90 8
121 107 58
119 12 111
117 113 18
116 107 27
113 54 110
111 40 59
110 49 57
107 24 45
106 1 49
102 81 67
100 98 24
98 90 22
97 7 23
93 40 22
90 61 89
89 45 88
88 82 9
84 33 8
82 67 34
81 22 33
76 33 56
75 27 41
73 8 65
71 12 28
68 37 66
67 25 45
66 21 18
65 30 52
61 8 23
60 15 43
59 22 11
58 44 43
57 14 51
56 16 9
54 5 19
52 16 46
51 46 44
50 22 -1
49 22 39
48 47 20
47 3 4
46 12 9
45 39 18
44 29 23
43 39 31
41 28 25
40 25 6
39 17 37
37 17 15
35 23 20
34 9 28
33 10 28
32 29 27
31 2 20
30 7 7
29 7 6
28 13 14
27 23 13
26 2 20
25 22 10
24 5 21
23 10 11
22 17 16
21 8 20
20 3 4
19 17 11
18 12 4
17 4 9
16 13 12
15 2 11
14 11 2
13 5 7
12 8 5
11 8 7
10 9 1
9 -1 -1
8 5 6
7 4 3
6 -1 -1
5 3 1
4 1 1
3 -1 2
2 -1 1
1 -1 -1
-1 -1 -1
146
337
956
698
645
957
312
623
627
106
375
759
853
600
183
446
943
302
316
961
1
2
3
4
5
6
7
8
9
10
11
12
13
14
15
16
17
18
19
20
21
22
23
24
25
26
27
28
29
30
-1
999 998
999 614 917
998 144 905
917 655 557
905 556 623
655 240 122
623 421 269
614 22 232
557 418 466
556 316 377
466 34 404
421 125 381
418 334 295
404 130 169
381 65 -1
377 45 249
334 100 126
316 134 309
309 266 281
295 142 159
281 198 244
269 41 129
266 237 245
249 1 22
245 33 183
244 159 183
240 1 29
237 210 70
232 36 170
210 110 21
198 172 147
183 41 144
172 32 149
170 123 104
169 115 120
159 76 146
149 91 22
147 71 100
146 57 138
144 102 9
142 51 -1
138 32 99
134 100 20
130 50 3
129 89 83
126 60 26
125 121 52
123 112 23
122 2 73
121 102 103
120 58 114
115 12 104
114 94 1
112 20 53
110 2 23
104 3 70
103 70 79
102 17 41
100 39 68
99 21 10
94 40 24
91 32 64
89 15 20
83 30 60
79 56 22
76 3 73
73 65 40
71 50 56
70 61 64
68 65 14
65 15 24
64 61 55
61 23 56
60 42 25
58 55 20
57 35 35
56 11 47
55 -1 33
53 4 -1
52 16 30
51 30 36
50 42 43
47 25 17
45 15 13
43 16 15
42 19 23
41 36 9
40 21 20
39 18 28
36 9 11
35 32 14
34 28 5
33 8 15
32 15 12
30 11 9
29 14 15
28 2 10
26 5 16
25 13 23
24 23 15
23 21 9
22 8 18
21 15 13
20 10 12
19 18 10
18 16 12
17 14 4
16 11 12
15 2 4
14 13 3
13 8 -1
12 6 6
11 4 3
10 -1 5
9 3 2
8 2 7
7 6 5
6 3 -1
5 1 3
4 2 1
3 1 1
2 1 -1
1 -1 -1
-1 -1 -1
72
264
543
228
23
907
376
829
81
422
449
107
303
882
811
480
398
38
810
810
1
2
3
4
5
6
7
8
9
10
11
12
13
14
15
16
17
18
19
20
21
22
23
24
25
26
27
28
29
30
-1
999 998
999 781 928
998 219 563
928 879 514
879 411 639
781 190 630
639 569 198
630 286 597
597 124 274
569 546 28
563 204 77
546 416 247
514 73 125
416 201 144
411 356 207
356 85 78
286 139 88
274 46 186
247 47 129
219 100 10
207 106 162
204 25 58
201 -1 188
198 156 117
190 113 17
188 58 97
186 24 162
162 2 157
157 152 150
156 135 136
152 38 31
150 121 138
144 67 5
139 69 114
138 18 26
136 26 71
135 113 74
129 19 99
125 72 101
124 67 29
121 112 68
117 26 74
114 36 28
113 30 106
112 55 5
106 12 98
101 35 25
100 78 17
99 34 63
98 13 44
97 35 46
88 44 84
85 71 57
84 9 27
78 9 63
77 37 71
74 32 24
73 14 35
72 61 28
71 34 45
69 61 56
68 66 38
67 28 13
66 64 19
64 17 46
63 45 9
61 55 6
58 5 32
57 51 19
56 4 45
55 4 53
53 19 22
51 28 38
47 32 14
46 11 9
45 32 8
44 33 32
38 20 9
37 22 6
36 14 15
35 22 30
34 19 29
33 24 21
32 9 8
31 18 11
30 20 17
29 4 13
28 12 4
27 7 1
26 23 25
25 -1 5
24 7 19
23 13 21
22 18 20
21 8 10
20 11 17
19 18 13
18 9 12
17 8 2
15 11 2
14 5 8
13 4 12
12 8 9
11 2 9
10 -1 9
9 7 7
8 1 -1
7 4 3
6 5 5
5 4 1
4 2 -1
3 1 2
2 -1 1
1 -1 -1
-1 -1 -1
527
624
877
509
374
773
918
112
584
261
704
378
243
116
509
794
444
945
847
489
1
2
3
4
5
6
7
8
9
10
11
12
13
14
15
16
17
18
19
20
21
22
23
24
25
26
27
28
29
30
-1
999 998
999 743 318
998 364 585
743 443 480
585 101 400
480 227 281
443 207 311
400 395 171
395 63 158
364 225 322
322 239 274
318 231 158
311 2 130
281 2 37
274 273 234
273 26 180
239 138 136
234 57 42
231 174 2
227 220 115
225 156 15
220 185 34
207 31 113
185 39 36
180 95 1
174 19 35
171 152 117
158 75 58
156 11 124
152 86 29
138 71 107
136 93 42
130 51 77
124 63 86
117 67 65
115 84 36
113 7 16
107 88 66
101 93 59
95 81 52
93 76 66
88 46 35
86 57 38
84 11 24
81 41 34
77 1 2
76 32 17
75 15 58
71 16 8
67 44 19
66 24 47
65 44 64
64 38 13
63 52 60
60 10 32
59 35 18
58 13 41
57 53 47
53 32 31
52 47 49
51 39 21
49 9 16
47 32 28
46 15 19
44 30 1
42 37 17
41 25 12
39 19 18
38 11 19
37 8 9
36 18 20
35 7 12
34 26 5
32 24 26
31 1 7
30 12 9
29 28 17
28 22 23
26 7 18
25 12 20
24 23 4
23 -1 2
22 5 -1
21 2 18
20 16 2
19 13 14
18 5 12
17 1 4
16 1 9
15 13 10
14 11 6
13 3 9
12 1 3
11 9 10
10 4 1
9 7 2
8 6 3
7 3 1
6 2 2
5 1 3
4 3 -1
3 -1 1
2 1 -1
1 -1 -1
-1 -1 -1
738
65
143
422
817
620
653
595
509
364
521
50
344
762
768
52
182
674
882
863
1
2
3
4
5
6
7
8
9
10
11
12
13
14
15
16
17
18
19
20
21
22
23
24
25
26
27
28
29
30
-1
-1 -1
