467
-50 50 90 -50 60 100
10 0 45 30 0 -45
0 1 90 1 0 0
-60 -59 275 33 32 241
-69 4 327 121 52 276
-101 45 179 -32 20 225
17 72 25 -114 5 60
25 -70 13 99 -43 335
100 83 280 -176 54 82
-143 42 76 -162 81 95
-108 -9 209 161 -15 266
81 -88 297 172 -26 275
-122 25 95 16 50 111
130 -85 288 135 4 268
-95 -56 206 -152 72 165
166 14 257 -156 56 140
79 22 245 39 -27 298
-132 -44 71 -132 29 92
27 -66 337 -98 -70 25
-86 -51 335 172 19 260
-19 65 56 37 -38 344
-146 -15 45 143 -22 298
55 -9 259 117 -34 267
-26 46 210 -92 -46 193
160 69 225 -34 -43 80
169 27 252 -18 39 225
94 19 229 114 5 239
71 80 160 -108 -15 79
29 1 276 85 -75 292
-97 13 132 44 -62 284
174 -22 264 109 78 242
21 59 277 41 -16 324
53 -5 255 25 40 227
72 -69 83 125 17 168
-37 -4 104 135 43 227
-159 -3 317 -116 -79 328
152 -57 288 -169 75 114
34 -49 301 156 11 276
70 74 155 -134 71 115
-125 49 90 -25 44 323
-69 42 118 -52 -63 90
-81 -37 359 -53 -20 305
10 -64 291 -123 -6 283
-143 -17 57 -62 -62 17
52 -41 25 138 3 301
175 -32 233 141 6 172
-136 -7 2 -41 68 277
-176 -9 85 -33 -30 71
93 5 143 -119 2 108
152 -18 56 -10 7 93
121 77 241 175 20 261
53 18 260 -32 55 242
-86 47 199 -38 46 229
-11 -81 38 -67 -62 53
119 -15 297 40 82 269
125 -18 245 -94 71 134
103 -29 262 94 -14 255
-170 -84 91 -4 -43 106
27 -41 289 51 -24 282
-47 48 221 124 -57 291
168 -9 289 -116 -77 6
-83 -40 49 -39 69 88
5 21 44 1 -52 26
-120 -8 36 109 -15 299
153 79 162 -83 16 82
-49 52 98 125 -31 25
-9 37 110 -110 -32 88
-122 -7 275 2 27 258
-79 61 198 -10 -7 238
57 -7 248 63 33 239
-113 77 123 -74 -15 87
-137 -8 119 161 65 246
91 -16 265 -61 78 225
134 -45 2 -83 0 95
-103 36 109 22 -66 87
-58 -57 253 -107 52 173
21 -65 335 177 66 266
138 87 248 137 -11 282
84 84 169 57 55 157
-166 72 126 -93 2 120
-125 -24 61 160 81 262
115 -31 291 -115 5 86
133 -73 280 -24 -67 329
-62 -90 54 98 29 219
-56 89 208 -56 2 247
78 82 254 154 81 262
157 -66 261 36 52 148
-163 -47 71 -120 -79 62
-130 -57 319 140 -45 268
-94 -90 10 -8 -52 338
-98 -64 72 110 11 241
-168 -46 81 -15 -31 74
-122 -24 310 87 1 270
46 87 262 -94 80 92
-40 42 155 -83 31 139
93 23 41 -46 34 83
-16 -24 254 -42 -75 274
-106 52 127 -4 -48 100
177 47 252 -125 6 201
132 -12 257 -139 12 202
69 -35 228 -60 23 144
47 51 92 36 -27 58
-112 -33 331 -7 -55 303
45 -12 299 -46 68 178
-85 0 104 -141 52 119
126 57 244 -122 -62 65
160 56 275 -13 24 291
-90 -40 100 18 51 217
166 22 253 -31 -45 69
-9 43 166 0 -21 154
102 57 273 142 -75 295
-70 -26 296 84 -78 291
-58 62 155 141 -60 290
136 9 325 30 -65 31
116 77 231 -31 -88 304
58 80 221 -163 27 93
-109 28 92 -25 -26 356
-180 -11 51 0 -8 317
116 -66 299 135 17 260
4 -15 307 -28 60 192
29 45 120 -161 79 109
-85 -7 79 -61 51 95
178 -15 287 143 66 261
-133 67 108 -98 -55 31
9 6 243 124 35 249
178 50 250 149 -26 262
-53 -57 259 5 32 226
68 17 262 -179 49 128
74 16 273 -79 89 233
-81 -78 85 0 74 167
174 88 235 134 -69 280
162 2 299 -159 56 95
169 -59 207 52 68 144
-109 -3 93 -3 39 115
-178 82 120 114 -8 193
-42 59 38 115 38 290
-24 46 286 167 -80 296
-127 -62 64 -102 84 89
-5 -86 314 -160 -22 101
-119 -18 46 139 66 269
126 34 275 -77 39 83
-115 -80 77 18 48 131
4 60 109 -41 49 99
42 -2 120 -180 -59 90
-96 -1 243 41 -90 286
-7 -90 311 -81 -56 335
67 90 137 119 -88 0
-97 61 93 -142 -32 73
97 -89 307 13 6 297
82 34 149 33 33 129
95 41 176 -20 10 98
122 48 223 -120 43 128
136 -82 21 -42 36 93
134 69 272 77 39 281
51 16 257 -4 -23 267
-64 -27 319 127 -55 290
-45 -11 305 135 -11 274
38 -34 253 140 71 239
136 49 197 26 -7 74
-7 -46 102 119 40 159
-172 -9 193 -133 -88 323
58 10 292 -51 77 275
11 -67 38 -63 30 93
-17 -88 309 -7 55 261
135 57 241 129 -18 255
92 -63 287 -104 -66 322
-71 3 76 -111 -52 43
158 78 209 18 -70 50
39 66 143 83 -34 349
-29 -86 296 -97 -8 176
25 -69 248 100 1 228
50 -65 262 -47 -44 125
-146 0 202 134 19 261
-132 12 297 152 26 271
-85 13 85 -70 -87 63
-111 -35 93 13 -54 88
-154 78 123 -77 82 156
83 25 265 -115 68 186
-23 67 147 37 -85 37
153 -57 41 14 -70 76
-48 -43 50 -80 22 74
-98 65 184 132 -71 283
114 -80 302 -76 44 133
-155 22 95 -95 -87 52
-23 21 84 118 61 140
-146 -78 345 -73 -13 289
174 3 264 -153 28 100
62 19 252 16 41 224
-157 17 145 -127 27 223
97 16 196 -26 23 141
43 -55 308 14 -7 300
-157 46 113 -54 48 215
-43 -58 318 57 58 264
-28 -1 161 146 -54 267
-124 -87 70 -68 24 95
-70 -3 244 34 18 251
-145 50 306 -87 62 274
-69 47 108 26 63 197
-125 -14 73 -112 -52 59
-19 57 65 -32 70 77
-138 -67 66 -148 25 86
-80 -77 71 -176 -76 77
-139 71 148 135 -67 270
46 70 243 -130 -41 272
40 -5 289 88 -52 297
175 -85 302 -55 54 119
42 -61 353 59 -1 258
-172 -33 93 109 -65 10
-116 11 173 86 12 252
105 -81 347 30 0 25
-2 63 153 77 -76 301
-167 23 97 -8 51 238
-35 -56 255 21 74 222
-98 -12 71 -55 -44 57
-146 -75 50 6 -78 352
134 -52 281 -32 -81 302
107 -65 99 -30 49 121
131 -44 313 -109 -38 38
-179 -43 91 124 7 170
-128 -81 338 92 -83 293
16 68 128 174 -19 178
5 84 103 87 52 92
-98 -13 96 -93 -70 79
151 28 236 -13 20 134
-158 82 117 -144 39 109
75 -61 307 32 58 259
30 26 55 35 -51 18
-36 39 118 2 -64 91
130 -88 291 -60 -32 299
54 63 106 163 62 198
-115 -53 346 37 -1 295
142 -89 317 35 41 305
172 -35 266 -101 12 226
7 26 329 55 -17 320
-143 -90 65 29 85 153
-69 -75 77 -137 -41 87
-124 -63 87 -33 88 155
-54 51 147 -16 2 151
178 -33 290 96 69 254
144 63 251 -113 37 95
90 -60 30 -148 -37 86
129 -68 285 109 -37 269
-140 66 87 85 89 103
167 47 253 -116 -21 78
91 29 267 -47 -2 68
28 53 123 100 38 280
-84 7 117 63 -22 206
-114 -57 31 129 -78 296
71 2 286 98 39 276
163 56 289 -75 56 83
-118 -5 292 121 -4 274
32 -62 103 -100 49 123
146 21 298 161 72 240
162 1 275 147 83 256
143 -5 207 -72 43 124
97 77 241 -120 -35 65
152 66 44 4 27 73
-1 -29 284 105 -70 289
58 47 255 38 -64 282
37 -89 277 47 -6 247
-173 56 98 -137 -53 77
-67 -49 282 87 -9 263
-44 49 180 -90 -85 77
9 -20 181 55 65 199
-145 -73 28 -87 -21 12
47 57 190 97 -73 329
-33 10 149 43 13 190
-106 -27 84 -123 87 120
-12 15 258 98 81 250
-69 21 87 -152 68 96
139 -71 272 -19 70 215
135 -82 300 163 56 264
-109 -24 96 161 -71 335
96 -67 300 -170 -39 86
-65 -44 47 133 -83 321
-88 -22 113 -111 -41 94
-106 -38 80 -66 55 102
102 -57 279 -6 -15 266
-176 -39 45 -91 34 247
18 66 207 73 -37 249
41 0 246 174 -68 275
36 -37 283 -72 64 228
85 -9 319 161 -28 304
-82 11 215 -132 -4 127
-66 -40 89 -129 9 104
128 2 120 42 15 107
159 63 265 -5 -62 51
16 24 288 119 -81 301
29 -64 304 173 2 275
167 37 271 2 26 285
39 -46 109 -42 30 120
-76 -58 74 4 28 108
48 -49 106 -162 45 113
-39 -62 90 179 -69 325
-85 80 177 152 -79 284
-118 -36 70 -39 -83 54
-143 -34 68 -159 0 75
-138 -84 51 1 -22 357
-34 47 185 31 -33 244
174 -3 273 -103 -37 334
16 -25 47 -96 -42 63
-71 -55 44 179 80 257
-116 21 70 8 86 94
-52 -67 286 115 73 243
7 -45 200 -29 53 171
87 -90 348 -73 -79 55
-123 89 119 -117 33 109
132 42 271 122 81 259
-55 -24 227 -95 62 190
-7 -17 228 3 -80 304
2 -18 72 32 -29 63
-46 -11 77 -22 81 103
130 -29 259 101 -5 248
-107 67 165 42 -84 277
-61 87 145 167 -54 290
-144 -24 77 -43 -53 60
78 -61 273 -44 1 248
-123 42 194 -59 -2 244
169 -64 256 -138 -62 98
160 62 273 -72 -28 326
103 68 100 92 -47 39
1 -54 259 125 -50 264
48 -60 293 -115 58 221
176 21 258 -158 -74 69
-27 76 186 148 61 235
-67 57 96 -179 39 90
42 78 213 -58 -28 56
-126 -87 40 146 -5 279
35 58 280 97 -89 308
-158 84 117 51 -41 306
75 -10 238 -167 -21 98
-40 -12 86 -179 59 101
-59 -86 335 142 -36 285
45 -55 28 145 35 271
11 69 230 31 10 249
-148 12 12 -91 -49 343
-149 45 232 149 -29 279
-136 -72 346 -6 17 254
159 -27 342 -21 -83 55
-95 32 111 -108 -48 85
82 -35 296 13 30 281
146 59 198 -145 63 118
-36 -63 80 -69 -57 85
-90 77 109 -64 -65 79
180 4 274 48 -65 294
140 36 164 49 18 115
-145 80 179 -69 43 231
42 8 64 117 -33 21
-61 -71 31 32 7 355
-43 21 61 -110 -47 54
104 -1 260 158 -35 270
-123 -90 53 16 55 81
100 -39 328 -71 -8 63
-110 52 96 176 63 243
-180 66 108 101 83 170
62 36 195 -132 58 132
-9 86 194 -125 46 128
-41 3 149 116 -33 267
24 -88 359 3 -47 12
-75 79 142 62 47 218
144 -20 328 -63 64 90
26 -73 277 -47 71 221
-23 45 184 -52 -84 47
-99 -50 76 62 15 206
89 -85 299 -91 -15 321
105 1 355 23 87 105
54 -85 278 -166 -31 119
-14 -54 67 60 -15 71
-143 -49 90 -119 -78 82
1 51 127 164 43 177
-91 -12 182 -41 53 204
-28 27 110 -121 -17 93
67 52 261 -171 2 74
96 15 159 112 -9 184
7 -24 258 -166 -44 84
125 26 165 -130 60 109
139 -51 289 -40 -9 91
60 21 273 -47 -58 42
109 1 287 -65 -72 350
-7 0 110 81 -53 98
-108 -79 83 35 63 158
171 -60 267 -152 49 168
63 -45 44 -79 8 90
26 -50 249 159 43 241
-34 -12 264 57 85 230
58 75 162 170 -61 294
72 -6 256 -141 -45 234
-95 75 198 -158 -87 47
128 61 253 -76 -33 38
-91 84 237 19 61 267
-89 15 318 -161 34 46
101 82 250 69 40 262
179 -68 295 -174 64 67
-99 86 141 125 -17 236
-57 72 112 76 -83 355
54 60 162 -101 23 95
48 24 242 -167 28 115
-130 -14 71 -95 -43 57
-21 37 146 5 25 158
-169 9 105 -49 -49 79
108 -40 275 -65 -33 355
48 80 264 -108 17 308
-93 -80 326 168 -53 282
-1 -10 91 153 -83 354
-49 -90 58 -76 53 94
102 11 281 -150 -84 49
139 -31 331 159 78 275
-48 -80 285 -100 -18 251
80 -76 306 -49 -55 342
-67 -1 78 154 33 10
28 63 270 90 69 269
-32 -25 88 77 36 217
162 -47 311 -29 -13 44
84 85 261 -62 -84 13
-57 73 179 -146 -64 101
11 -12 268 57 -77 285
143 84 229 17 49 86
-158 -53 49 112 61 285
68 6 269 77 -37 285
-3 74 288 174 -53 303
-106 80 141 19 -64 316
25 -8 260 17 66 238
116 15 250 89 36 236
-84 -26 292 72 88 237
-54 3 115 -80 32 120
-174 46 81 -17 -59 29
101 82 260 -88 -80 324
171 -1 278 -94 64 209
37 16 212 -143 81 139
-23 81 147 -27 -90 71
-24 -79 332 179 65 271
-178 28 138 -49 -20 199
32 -87 17 -95 -30 63
-147 13 86 -28 -48 318
154 -76 328 150 -88 332
-61 32 214 47 -33 266
27 20 112 130 -9 130
49 -38 261 56 -52 266
-176 88 114 -126 -28 97
70 1 286 -107 22 317
42 80 107 -40 -27 58
25 36 27 141 -40 319
-52 38 99 -4 -73 63
80 20 111 165 36 166
45 87 231 39 -53 262
-173 30 101 -126 65 119
-106 80 114 -6 -78 359
-29 8 286 22 63 267
-159 -21 70 56 -26 301
-87 -86 5 11 43 273
-125 -69 36 135 -90 304
14 35 233 -58 87 207
-121 4 62 36 75 265
-134 -16 137 166 0 262
-129 -72 72 -52 10 92
-179 28 86 -166 -39 54
89 -66 45 -64 89 114
98 43 261 58 80 244
134 -52 268 -58 -7 228
174 -65 252 -49 81 133
7 13 90 155 -87 343
67 -82 314 -168 62 70
-121 80 123 -145 71 110
127 78 273 110 32 311
136 -73 38 -30 59 122
-73 31 150 49 -79 277
-72 -85 67 -82 -48 79
